,final_structure,energy,forces,stress,a,b,c,alpha,beta,gamma,volume,elastic_tensor,shear_modulus_vrh,bulk_modulus_vrh,youngs_modulus,residuals_sum,structure
0,"Full Formula (Ti41 Al11 Cr2)
Reduced Formula: Ti41Al11Cr2
abc   :   9.660780   9.629700   9.629977
angles:  89.938336  90.009106  90.047450
pbc   :       True       True       True
Sites (54)
  #  SP            a          b          c
---  ----  ---------  ---------  ---------
  0  Ti     0.008363   0.006321  -0.009352
  1  Ti    -0.00446   -0.005038   0.329804
  2  Ti     0.002866   0.327758  -0.005009
  3  Ti     0.006301   0.323841   0.674193
  4  Ti     0.003926   0.665662   0.664369
  5  Ti     0.330663   0.006115  -0.01046
  6  Ti     0.339112   0.002178   0.333266
  7  Ti     0.331857   0.017416   0.673116
  8  Ti     0.328075   0.3288     0.341145
  9  Ti     0.329139   0.666747  -0.001825
 10  Ti     0.330961   0.664237   0.333602
 11  Ti     0.33316    0.664449   0.664887
 12  Ti     0.662541  -0.003815  -0.000207
 13  Ti     0.667719  -6.6e-05    0.328415
 14  Ti     0.659656   0.003651   0.673763
 15  Ti     0.672221   0.340519   0.322778
 16  Ti     0.666424   0.336665   0.666562
 17  Ti     0.665503   0.657995   0.003358
 18  Ti     0.663171   0.661257   0.329168
 19  Ti     0.664224   0.662242   0.668962
 20  Ti     0.172457   0.16923    0.166422
 21  Ti     0.165702   0.497011   0.166125
 22  Ti     0.163591   0.495422   0.49928
 23  Ti     0.175814   0.490792   0.835248
 24  Ti     0.168782   0.832888   0.162879
 25  Ti     0.171538   0.844227   0.505676
 26  Ti     0.169071   0.833253   0.828484
 27  Ti     0.492239   0.179701   0.157696
 28  Ti     0.49915    0.182143   0.845656
 29  Ti     0.498729   0.49544    0.499881
 30  Ti     0.488422   0.488594   0.84218
 31  Ti     0.498783   0.829762   0.164583
 32  Ti     0.49956    0.834751   0.500919
 33  Ti     0.834907   0.161312   0.164481
 34  Ti     0.831613   0.163952   0.501038
 35  Ti     0.826648   0.168643   0.83592
 36  Ti     0.836302   0.498974   0.496865
 37  Ti     0.838183   0.499629   0.828783
 38  Ti     0.833746   0.825868   0.161173
 39  Ti     0.830006   0.839693   0.508858
 40  Ti     0.834516   0.833757   0.82908
 41  Al     0.006114   0.009562   0.677487
 42  Al    -0.000729   0.324583   0.332997
 43  Al     0.006867   0.666261  -0.011468
 44  Al     0.006055   0.681581   0.346109
 45  Al     0.32722    0.321764   0.663559
 46  Al     0.676381   0.344467   0.008329
 47  Al     0.158029   0.159518   0.49466
 48  Al     0.51274    0.169546   0.494479
 49  Al     0.478598   0.489725   0.159806
 50  Al     0.49681    0.830263   0.83289
 51  Al     0.852781   0.510798   0.171582
 52  Cr     0.310429   0.321563  -0.005752
 53  Cr     0.177525   0.178394   0.85356",-387.8382873535156,"[[ 4.9759783e-03  5.0331224e-03 -3.0617081e-03]
 [ 2.4297237e-03  1.6425774e-03  4.3640882e-03]
 [-7.1792370e-03  2.7157739e-03  5.9793442e-03]
 [-8.0770906e-04  3.2308698e-04  3.1709559e-03]
 [ 7.7947807e-03 -1.5198216e-03 -2.5102701e-03]
 [ 2.9342230e-03  3.5872422e-03  1.5940592e-03]
 [-2.3040548e-03 -8.1756338e-04  3.2131635e-03]
 [-4.3946505e-04  1.1729598e-03 -1.1073593e-03]
 [ 3.1755380e-03 -6.2713400e-04  3.5477281e-03]
 [-2.1160766e-03 -3.2265801e-03  1.8807314e-04]
 [-3.3063143e-03 -2.9385034e-03  6.1858259e-04]
 [-1.3790047e-03 -7.9915002e-03 -2.7779825e-03]
 [-5.2178167e-03 -1.5223734e-03 -3.2915473e-03]
 [-1.9792169e-03 -5.4650251e-03 -5.0246194e-03]
 [-1.9455701e-04 -1.0474939e-03  3.8525760e-03]
 [ 5.5705123e-03 -1.0331236e-03 -3.3290358e-03]
 [-6.2209601e-04  2.3718402e-03  1.0442734e-04]
 [ 2.5778934e-03  2.3861718e-04 -3.0507892e-04]
 [ 1.4259145e-03  4.6923505e-03  1.8763207e-03]
 [-6.9055408e-03 -3.0791052e-03 -2.6904717e-03]
 [ 1.1817589e-03  3.6546793e-03 -4.0557981e-04]
 [ 6.9806725e-04 -6.1588269e-03 -1.8807719e-03]
 [-1.0464508e-03 -6.8341419e-03 -9.6865697e-04]
 [-4.4686645e-03 -1.0985676e-03  6.1192047e-03]
 [ 1.8106212e-03  3.0952450e-03 -1.1445982e-03]
 [ 9.9404156e-04 -2.2167712e-03 -3.9886869e-04]
 [ 2.0699017e-03  1.4653057e-03  2.3709582e-03]
 [-9.3345344e-04  2.3081973e-03  3.9357319e-04]
 [-1.1842400e-03  2.9831082e-03  2.9492564e-04]
 [ 4.8964135e-03 -9.8291971e-04 -3.3818409e-03]
 [ 1.1807382e-03  1.6955510e-03  1.4035404e-03]
 [-5.6949109e-03 -5.1931962e-03  1.8365704e-03]
 [-3.5992078e-03  1.8264391e-03  2.2379551e-03]
 [-4.6718968e-03 -1.0913648e-02 -2.3285635e-03]
 [ 1.9028783e-05 -2.2559334e-04  2.2455147e-03]
 [ 2.3163669e-04  8.2670152e-04 -3.7035681e-03]
 [-1.5914813e-04  2.6878901e-04  4.7019962e-03]
 [-6.1121117e-04  5.9901117e-03 -4.9623251e-03]
 [ 4.9446821e-03  9.3186228e-03 -2.7168174e-03]
 [ 1.4610048e-03 -4.7690738e-03  2.7762796e-04]
 [ 3.9755739e-03 -2.3667328e-03 -4.6379864e-05]
 [ 2.0318031e-03 -4.5340881e-03 -2.4735518e-03]
 [-6.5667257e-03 -9.1559341e-04 -3.5773199e-03]
 [ 2.2245198e-03 -3.8469955e-04  2.7926266e-03]
 [ 3.2081772e-03 -2.2680517e-03 -3.6201738e-03]
 [ 2.3971014e-03  6.6550598e-03  2.0065457e-03]
 [ 2.2214353e-03 -8.5895881e-04 -3.7474856e-03]
 [-2.0578951e-03  5.9204679e-03  1.2399256e-04]
 [ 3.2173321e-03 -2.3103263e-03  1.0697581e-03]
 [ 4.0735900e-03  4.8059151e-03  3.3146217e-03]
 [-5.9763305e-03 -4.9390099e-03 -2.8611384e-03]
 [-1.6422868e-03  8.6472621e-03  6.6144485e-04]
 [-1.1867993e-03  6.3635409e-05 -1.5433133e-03]
 [-1.4714561e-03  4.9356222e-03  3.4987479e-03]]",[-0.00269997 -0.00085775  0.0003524  -0.00070122 -0.00029079 -0.00036487],9.66077970184078,9.629699555153321,9.629977210136873,89.93833550542162,90.0091064416057,90.04745003624379,895.8798523415547,"[[[[ 7.73635593e-01 -3.63509171e-03 -3.43960768e-03]
   [-3.63509171e-03  6.21259795e-01  2.30729813e-03]
   [-3.43960768e-03  2.30729813e-03  6.27532098e-01]]

  [[-4.23215339e-03  4.20568219e-01 -7.00418202e-03]
   [ 4.20568219e-01 -4.66800140e-03 -1.63684289e-03]
   [-7.00418202e-03 -1.63684289e-03 -8.62129188e-04]]

  [[-3.93562029e-03 -6.86166389e-03  4.23762671e-01]
   [-6.86166389e-03 -4.43336282e-03 -1.26280686e-03]
   [ 4.23762671e-01 -1.26280686e-03 -4.52872113e-03]]]


 [[[-4.23215339e-03  4.20568219e-01 -7.00418202e-03]
   [ 4.20568219e-01 -4.66800140e-03 -1.63684289e-03]
   [-7.00418202e-03 -1.63684289e-03 -8.62129188e-04]]

  [[ 6.23077314e-01 -4.87668556e-03 -3.81814199e-03]
   [-4.87668556e-03  7.85998134e-01  7.82831688e-03]
   [-3.81814199e-03  7.82831688e-03  6.25610189e-01]]

  [[ 5.59318190e-04 -1.63325686e-03 -1.28398266e-03]
   [-1.63325686e-03  5.69848014e-03  4.21780404e-01]
   [-1.28398266e-03  4.21780404e-01  6.94419005e-03]]]


 [[[-3.93562029e-03 -6.86166389e-03  4.23762671e-01]
   [-6.86166389e-03 -4.43336282e-03 -1.26280686e-03]
   [ 4.23762671e-01 -1.26280686e-03 -4.52872113e-03]]

  [[ 5.59318190e-04 -1.63325686e-03 -1.28398266e-03]
   [-1.63325686e-03  5.69848014e-03  4.21780404e-01]
   [-1.28398266e-03  4.21780404e-01  6.94419005e-03]]

  [[ 6.30573825e-01 -3.59715195e-04 -4.27789579e-03]
   [-3.59715195e-04  6.26826617e-01  8.25671246e-03]
   [-4.27789579e-03  8.25671246e-03  7.73575692e-01]]]]",0.21652565499280718,0.6763800300549931,586945169.4347306,0.0006644917281420923,"Full Formula (Ti41 Al11 Cr2)
Reduced Formula: Ti41Al11Cr2
abc   :   9.660780   9.629700   9.629977
angles:  89.938336  90.009106  90.047450
pbc   :       True       True       True
Sites (54)
  #  SP            a          b          c
---  ----  ---------  ---------  ---------
  0  Ti     0.008363   0.006321  -0.009352
  1  Ti    -0.00446   -0.005038   0.329804
  2  Ti     0.002866   0.327758  -0.005009
  3  Ti     0.006301   0.323841   0.674193
  4  Ti     0.003926   0.665662   0.664369
  5  Ti     0.330663   0.006115  -0.01046
  6  Ti     0.339112   0.002178   0.333266
  7  Ti     0.331857   0.017416   0.673116
  8  Ti     0.328075   0.3288     0.341145
  9  Ti     0.329139   0.666747  -0.001825
 10  Ti     0.330961   0.664237   0.333602
 11  Ti     0.33316    0.664449   0.664887
 12  Ti     0.662541  -0.003815  -0.000207
 13  Ti     0.667719  -6.6e-05    0.328415
 14  Ti     0.659656   0.003651   0.673763
 15  Ti     0.672221   0.340519   0.322778
 16  Ti     0.666424   0.336665   0.666562
 17  Ti     0.665503   0.657995   0.003358
 18  Ti     0.663171   0.661257   0.329168
 19  Ti     0.664224   0.662242   0.668962
 20  Ti     0.172457   0.16923    0.166422
 21  Ti     0.165702   0.497011   0.166125
 22  Ti     0.163591   0.495422   0.49928
 23  Ti     0.175814   0.490792   0.835248
 24  Ti     0.168782   0.832888   0.162879
 25  Ti     0.171538   0.844227   0.505676
 26  Ti     0.169071   0.833253   0.828484
 27  Ti     0.492239   0.179701   0.157696
 28  Ti     0.49915    0.182143   0.845656
 29  Ti     0.498729   0.49544    0.499881
 30  Ti     0.488422   0.488594   0.84218
 31  Ti     0.498783   0.829762   0.164583
 32  Ti     0.49956    0.834751   0.500919
 33  Ti     0.834907   0.161312   0.164481
 34  Ti     0.831613   0.163952   0.501038
 35  Ti     0.826648   0.168643   0.83592
 36  Ti     0.836302   0.498974   0.496865
 37  Ti     0.838183   0.499629   0.828783
 38  Ti     0.833746   0.825868   0.161173
 39  Ti     0.830006   0.839693   0.508858
 40  Ti     0.834516   0.833757   0.82908
 41  Al     0.006114   0.009562   0.677487
 42  Al    -0.000729   0.324583   0.332997
 43  Al     0.006867   0.666261  -0.011468
 44  Al     0.006055   0.681581   0.346109
 45  Al     0.32722    0.321764   0.663559
 46  Al     0.676381   0.344467   0.008329
 47  Al     0.158029   0.159518   0.49466
 48  Al     0.51274    0.169546   0.494479
 49  Al     0.478598   0.489725   0.159806
 50  Al     0.49681    0.830263   0.83289
 51  Al     0.852781   0.510798   0.171582
 52  Cr     0.310429   0.321563  -0.005752
 53  Cr     0.177525   0.178394   0.85356"
1,"Full Formula (Ti41 Al11 Cr2)
Reduced Formula: Ti41Al11Cr2
abc   :   9.646613   9.636567   9.624913
angles:  89.788640  89.915998  90.212168
pbc   :       True       True       True
Sites (54)
  #  SP            a          b          c
---  ----  ---------  ---------  ---------
  0  Ti     0.003211   0.003387   8.9e-05
  1  Ti     0.010795  -0.008502   0.32138
  2  Ti     0.008099   0.001723   0.677796
  3  Ti    -0.009941   0.346444   0.325637
  4  Ti     0.003217   0.335861   0.664692
  5  Ti    -0.016111   0.648228   0.004259
  6  Ti    -0.004237   0.66402    0.319396
  7  Ti     0.332772   0.010378   0.002135
  8  Ti     0.320758  -0.003804   0.322099
  9  Ti     0.32538    0.002155   0.675538
 10  Ti     0.336101   0.336639   0.33499
 11  Ti     0.326532   0.67043    0.337588
 12  Ti     0.331216   0.665214   0.664756
 13  Ti     0.663786   0.002421  -0.000684
 14  Ti     0.668077  -0.00371    0.34003
 15  Ti     0.667565  -0.001328   0.662151
 16  Ti     0.673294   0.339887   0.013537
 17  Ti     0.676992   0.341105   0.338112
 18  Ti     0.662557   0.327452   0.647314
 19  Ti     0.674027   0.658148   0.008569
 20  Ti     0.672269   0.664081   0.329496
 21  Ti     0.66714    0.672648   0.665904
 22  Ti     0.163637   0.166376   0.493577
 23  Ti     0.168024   0.182884   0.843109
 24  Ti     0.175296   0.503594   0.155206
 25  Ti     0.161154   0.50191    0.495371
 26  Ti     0.181165   0.498092   0.84461
 27  Ti     0.162153   0.833695   0.506656
 28  Ti     0.174647   0.817813   0.849537
 29  Ti     0.508179   0.164089   0.177405
 30  Ti     0.504367   0.172259   0.828608
 31  Ti     0.495593   0.510659   0.168364
 32  Ti     0.497689   0.500703   0.835083
 33  Ti     0.487279   0.824667   0.156961
 34  Ti     0.495996   0.836439   0.499674
 35  Ti     0.489945   0.823304   0.844059
 36  Ti     0.833297   0.163072   0.171441
 37  Ti     0.829702   0.171578   0.828333
 38  Ti     0.834385   0.838293   0.16139
 39  Ti     0.840233   0.831579   0.50371
 40  Ti     0.834797   0.833811   0.83662
 41  Al    -0.017213   0.346353   0.003464
 42  Al     0.005447   0.661262   0.679925
 43  Al     0.351402   0.329452   0.011545
 44  Al     0.332694   0.335085   0.655883
 45  Al     0.162055   0.183179   0.16591
 46  Al     0.171405   0.813524   0.14723
 47  Al     0.48891    0.154632   0.493488
 48  Al     0.498324   0.509786   0.497628
 49  Al     0.849477   0.158071   0.496135
 50  Al     0.842331   0.51299    0.502713
 51  Al     0.81912    0.492466   0.822828
 52  Cr     0.338662   0.654575  -0.007636
 53  Cr     0.826346   0.500931   0.176387",-387.97662353515625,"[[-1.93415768e-03  1.28114400e-02 -9.06238519e-03]
 [ 5.46220690e-05 -3.92663665e-03  3.26892734e-03]
 [ 3.60957114e-03  1.14438608e-02  7.88206235e-03]
 [ 5.22646680e-03 -1.20705366e-03  2.44342908e-03]
 [-6.60856813e-03  2.57534534e-03  7.51238316e-04]
 [ 1.78682152e-03 -9.83807072e-03 -9.41721350e-03]
 [ 2.11150385e-03 -2.39897519e-04 -2.36133859e-03]
 [ 2.27622874e-03  3.67056206e-03 -8.62890854e-03]
 [-5.38716279e-03 -9.52585973e-03  7.85652734e-03]
 [-2.18607858e-03  5.55415684e-03 -2.70581245e-03]
 [-2.47809943e-03  4.76166606e-05  8.85931961e-03]
 [-1.26397507e-02  3.18333600e-03  7.93449581e-04]
 [-1.95094571e-03 -1.16588138e-02 -5.80153428e-04]
 [ 8.77398998e-06  3.78237991e-03  9.13020782e-03]
 [ 3.12103145e-03 -1.31203085e-02 -4.94716689e-03]
 [-3.61100398e-03 -3.78794037e-03 -5.29620796e-04]
 [ 2.42738426e-03  7.45423138e-04  1.73145160e-02]
 [-1.28635706e-03 -1.95879862e-03 -7.53122568e-03]
 [-4.04523872e-03 -6.25352934e-03 -7.54177943e-03]
 [-1.73692871e-03 -4.89780121e-03  3.90018523e-03]
 [ 1.14096543e-02  1.15334895e-02 -5.77226095e-03]
 [ 7.76581466e-03  9.65875201e-03 -2.09667254e-04]
 [-2.45302543e-03  4.69511747e-03  1.22966617e-03]
 [ 7.61734275e-03  1.30408108e-02 -5.19751385e-03]
 [-3.63040715e-03 -5.39466739e-03  3.43241170e-03]
 [-8.33579525e-03 -3.91171500e-03  7.51361251e-04]
 [ 1.20123103e-02  6.74963463e-04  9.57453623e-04]
 [-5.53354248e-03 -1.34181976e-03  1.27369501e-02]
 [ 2.22686306e-03 -3.45367379e-03 -7.49074295e-03]
 [-5.70007600e-03  1.10620260e-03  7.14761019e-03]
 [ 3.71970236e-05  6.44293427e-03  8.15838575e-07]
 [-6.16565347e-04  7.68266618e-04  1.38873756e-02]
 [ 3.64867598e-03 -1.30161643e-04  2.98129208e-03]
 [-6.06855750e-03 -3.01552936e-04 -3.98561358e-03]
 [-8.91713053e-03 -7.77381007e-03 -3.21196392e-04]
 [-2.73782015e-03  2.42608413e-03 -1.71434367e-03]
 [ 3.71342897e-03  2.15168856e-03  4.34345007e-03]
 [-8.25382024e-03  8.04193877e-03 -4.45857644e-04]
 [ 9.60773975e-03 -3.63843143e-03 -1.08334981e-02]
 [ 1.45029575e-02  1.48619711e-03  3.00272368e-03]
 [ 1.43382326e-03  4.68384475e-03  6.15585968e-03]
 [ 4.74946946e-03 -5.65426983e-03 -2.88921222e-03]
 [-7.61096925e-03 -9.89401340e-03  6.62635639e-03]
 [ 3.77019402e-04  2.79102474e-03  8.47756118e-03]
 [ 1.03405192e-02  7.62644410e-03 -1.12208202e-02]
 [ 1.45773217e-03 -1.63257495e-03  3.84462252e-03]
 [-7.94191658e-03  1.03158504e-03 -9.61956382e-03]
 [ 1.55416876e-03 -6.40272349e-03 -8.99554789e-03]
 [ 9.01516899e-03  1.21565536e-02 -1.02310665e-02]
 [-1.66180171e-03  1.56072155e-03 -1.18870661e-03]
 [-4.79748752e-03 -2.45834980e-03 -4.41043079e-03]
 [-1.29786730e-02 -9.40881297e-03  1.02311373e-04]
 [ 6.34610653e-04 -7.57814944e-03 -3.24279070e-04]
 [ 8.37495364e-03 -3.01470980e-04  2.78353691e-04]]","[-2.31867586e-03 -1.87784981e-03 -1.83764193e-03  1.42154080e-04
 -2.03387626e-05  6.20579114e-04]",9.646612919716725,9.636567355768058,9.624912815849548,89.78864003805617,89.915998394162,90.21216782031726,894.7209568231672,"[[[[ 0.79486377 -0.0075673  -0.00148134]
   [-0.0075673   0.61219582  0.00687081]
   [-0.00148134  0.00687081  0.61790928]]

  [[-0.00560334  0.41370556  0.01769346]
   [ 0.41370556 -0.00452629  0.01036036]
   [ 0.01769346  0.01036036 -0.00247898]]

  [[-0.00084691  0.01775237  0.42049039]
   [ 0.01775237  0.00720177 -0.00777483]
   [ 0.42049039 -0.00777483 -0.00167702]]]


 [[[-0.00560334  0.41370556  0.01769346]
   [ 0.41370556 -0.00452629  0.01036036]
   [ 0.01769346  0.01036036 -0.00247898]]

  [[ 0.61263359 -0.00584838  0.00632889]
   [-0.00584838  0.79302607  0.00419111]
   [ 0.00632889  0.00419111  0.60995792]]

  [[ 0.00723972  0.010159   -0.00759201]
   [ 0.010159    0.00342954  0.42031091]
   [-0.00759201  0.42031091  0.00282706]]]


 [[[-0.00084691  0.01775237  0.42049039]
   [ 0.01775237  0.00720177 -0.00777483]
   [ 0.42049039 -0.00777483 -0.00167702]]

  [[ 0.00723972  0.010159   -0.00759201]
   [ 0.010159    0.00342954  0.42031091]
   [-0.00759201  0.42031091  0.00282706]]

  [[ 0.61833636 -0.00328052 -0.00286316]
   [-0.00328052  0.60992976  0.00398417]
   [-0.00286316  0.00398417  0.78422205]]]]",0.22708541853793843,0.6724761811520013,612331149.9752569,0.0006633967418910879,"Full Formula (Ti41 Al11 Cr2)
Reduced Formula: Ti41Al11Cr2
abc   :   9.646613   9.636567   9.624913
angles:  89.788640  89.915998  90.212168
pbc   :       True       True       True
Sites (54)
  #  SP            a          b          c
---  ----  ---------  ---------  ---------
  0  Ti     0.003211   0.003387   8.9e-05
  1  Ti     0.010795  -0.008502   0.32138
  2  Ti     0.008099   0.001723   0.677796
  3  Ti    -0.009941   0.346444   0.325637
  4  Ti     0.003217   0.335861   0.664692
  5  Ti    -0.016111   0.648228   0.004259
  6  Ti    -0.004237   0.66402    0.319396
  7  Ti     0.332772   0.010378   0.002135
  8  Ti     0.320758  -0.003804   0.322099
  9  Ti     0.32538    0.002155   0.675538
 10  Ti     0.336101   0.336639   0.33499
 11  Ti     0.326532   0.67043    0.337588
 12  Ti     0.331216   0.665214   0.664756
 13  Ti     0.663786   0.002421  -0.000684
 14  Ti     0.668077  -0.00371    0.34003
 15  Ti     0.667565  -0.001328   0.662151
 16  Ti     0.673294   0.339887   0.013537
 17  Ti     0.676992   0.341105   0.338112
 18  Ti     0.662557   0.327452   0.647314
 19  Ti     0.674027   0.658148   0.008569
 20  Ti     0.672269   0.664081   0.329496
 21  Ti     0.66714    0.672648   0.665904
 22  Ti     0.163637   0.166376   0.493577
 23  Ti     0.168024   0.182884   0.843109
 24  Ti     0.175296   0.503594   0.155206
 25  Ti     0.161154   0.50191    0.495371
 26  Ti     0.181165   0.498092   0.84461
 27  Ti     0.162153   0.833695   0.506656
 28  Ti     0.174647   0.817813   0.849537
 29  Ti     0.508179   0.164089   0.177405
 30  Ti     0.504367   0.172259   0.828608
 31  Ti     0.495593   0.510659   0.168364
 32  Ti     0.497689   0.500703   0.835083
 33  Ti     0.487279   0.824667   0.156961
 34  Ti     0.495996   0.836439   0.499674
 35  Ti     0.489945   0.823304   0.844059
 36  Ti     0.833297   0.163072   0.171441
 37  Ti     0.829702   0.171578   0.828333
 38  Ti     0.834385   0.838293   0.16139
 39  Ti     0.840233   0.831579   0.50371
 40  Ti     0.834797   0.833811   0.83662
 41  Al    -0.017213   0.346353   0.003464
 42  Al     0.005447   0.661262   0.679925
 43  Al     0.351402   0.329452   0.011545
 44  Al     0.332694   0.335085   0.655883
 45  Al     0.162055   0.183179   0.16591
 46  Al     0.171405   0.813524   0.14723
 47  Al     0.48891    0.154632   0.493488
 48  Al     0.498324   0.509786   0.497628
 49  Al     0.849477   0.158071   0.496135
 50  Al     0.842331   0.51299    0.502713
 51  Al     0.81912    0.492466   0.822828
 52  Cr     0.338662   0.654575  -0.007636
 53  Cr     0.826346   0.500931   0.176387"
2,"Full Formula (Ti41 Al11 Cr2)
Reduced Formula: Ti41Al11Cr2
abc   :   9.598613   9.634820   9.622023
angles:  90.061661  89.999772  90.187492
pbc   :       True       True       True
Sites (54)
  #  SP            a          b          c
---  ----  ---------  ---------  ---------
  0  Ti     0.001283  -0.00274   -0.004707
  1  Ti    -0.008169   0.003502   0.327504
  2  Ti    -0.006669   0.32886    0.333998
  3  Ti     0.001716   0.336952   0.662844
  4  Ti     0.004284   0.664156   0.006391
  5  Ti     0.000237   0.670735   0.332712
  6  Ti    -0.001129   0.667927   0.660949
  7  Ti     0.329719   0.002491  -0.005024
  8  Ti     0.323414   0.002976   0.673589
  9  Ti     0.334538   0.334093   0.332686
 10  Ti     0.332169   0.329733   0.663162
 11  Ti     0.331544   0.668167   0.00626
 12  Ti     0.337489   0.66217    0.336757
 13  Ti     0.338251   0.664395   0.65964
 14  Ti     0.66915   -0.000288  -0.000243
 15  Ti     0.678747   0.007255   0.325888
 16  Ti     0.671689  -0.000582   0.676
 17  Ti     0.658705   0.336561  -0.005253
 18  Ti     0.671516   0.321791   0.33454
 19  Ti     0.66683    0.329796   0.671939
 20  Ti     0.660947   0.662552   0.001423
 21  Ti     0.664566   0.668461   0.336815
 22  Ti     0.664705   0.66904    0.663038
 23  Ti     0.170966   0.158708   0.488534
 24  Ti     0.158769   0.489743   0.162412
 25  Ti     0.164347   0.498858   0.500122
 26  Ti     0.1624     0.496299   0.83717
 27  Ti     0.176984   0.847566   0.176885
 28  Ti     0.175739   0.843865   0.490015
 29  Ti     0.49028    0.156762   0.17561
 30  Ti     0.493368   0.154798   0.493297
 31  Ti     0.498028   0.165541   0.83115
 32  Ti     0.502232   0.498099   0.167632
 33  Ti     0.492871   0.501404   0.833179
 34  Ti     0.491976   0.843446   0.178249
 35  Ti     0.497645   0.831819   0.831711
 36  Ti     0.84417    0.1768     0.841657
 37  Ti     0.836791   0.492071   0.160755
 38  Ti     0.830678   0.50077    0.499242
 39  Ti     0.832766   0.837671   0.502388
 40  Ti     0.83319    0.827307   0.835169
 41  Al     0.005452  -0.001573   0.672655
 42  Al     0.334468   0.330538   0.003609
 43  Al     0.165348   0.166325   0.168774
 44  Al     0.157827   0.182026   0.837491
 45  Al     0.167418   0.820056   0.834233
 46  Al     0.507177   0.489546   0.500234
 47  Al     0.498051   0.849994   0.495664
 48  Al     0.838232   0.18061    0.145182
 49  Al     0.835201   0.163699   0.510866
 50  Al     0.840618   0.497153   0.83757
 51  Al     0.832777   0.827062   0.162805
 52  Cr     0.007867   0.339975   0.001589
 53  Cr     0.33083    0.00506    0.333243",-388.18536376953125,"[[ 3.10279056e-03  4.76183370e-03 -1.31470673e-02]
 [ 2.63778679e-03 -7.03655183e-03  6.28460944e-03]
 [-4.50816005e-03  1.90348737e-03  1.16774812e-03]
 [ 3.59285623e-04 -6.35460019e-05  1.99836306e-03]
 [ 3.83846741e-03 -1.11030787e-03  3.80264036e-03]
 [-7.43964314e-03  6.89232443e-03  9.53655690e-05]
 [-2.81669199e-05  2.16195546e-03  1.73350424e-03]
 [ 8.71375203e-03  2.30818894e-03 -3.55825201e-03]
 [ 3.16547230e-04  7.17315823e-04  2.28693709e-04]
 [-3.29144299e-03 -4.85120714e-03  5.38114458e-03]
 [ 3.95536702e-03  8.69785435e-03 -8.14008713e-03]
 [ 1.98829500e-03 -6.41192682e-03  3.65544856e-03]
 [-8.83052964e-03 -7.97305256e-04 -7.31604639e-03]
 [-1.66096166e-03 -8.73496011e-03  1.56486873e-03]
 [-3.94609990e-03  4.67389962e-03 -5.59563190e-03]
 [-1.73751079e-03  1.40253082e-03  1.53384358e-03]
 [-2.31581368e-03  1.22868642e-03  4.25539911e-04]
 [-1.81262940e-03 -9.46455449e-03  5.80301508e-03]
 [ 3.12663056e-03 -2.60032341e-03  4.92956210e-03]
 [-4.30503720e-03 -2.78076157e-03 -7.74078444e-03]
 [-7.06051663e-03  3.30112502e-03  6.26879837e-03]
 [ 1.26224384e-02  1.19765848e-03 -6.08659349e-03]
 [-7.62160867e-04  1.60640478e-03  4.67326492e-04]
 [-5.38080931e-05  7.78198242e-04  4.04071808e-03]
 [-4.51888144e-03 -1.01661682e-03  3.57799605e-03]
 [-1.27222762e-02  1.54291466e-03 -1.60535425e-03]
 [-7.25090504e-04 -1.70210097e-03  2.29784660e-03]
 [ 8.93361866e-04  5.88253140e-03 -5.00761904e-03]
 [ 2.03126669e-03 -3.07163969e-03  2.59034336e-04]
 [ 1.33563578e-03 -1.01738423e-03  5.39235771e-03]
 [-2.04032660e-03 -7.15211406e-03 -1.22991949e-03]
 [ 7.85380602e-04  4.08992544e-03 -5.76534122e-03]
 [ 1.47567503e-03 -1.29780173e-03  5.87280840e-03]
 [ 7.50859827e-03  1.50710344e-04 -1.16910785e-04]
 [-2.06304993e-03  3.33429128e-03  3.27584147e-03]
 [ 8.58053565e-04 -2.23208033e-03 -2.84612924e-03]
 [ 1.71534717e-04  1.14087760e-03 -3.01383436e-04]
 [ 2.80300155e-03 -6.55483454e-03 -6.98555633e-03]
 [ 5.19892201e-03  1.46993436e-03  8.60061496e-03]
 [ 9.34153795e-05  1.93231460e-03  6.64789975e-03]
 [-7.03973882e-03 -5.78951091e-04 -3.58983874e-04]
 [ 2.69808806e-03 -3.81562114e-03  4.42808867e-03]
 [ 1.73245370e-03  4.68703732e-03  1.85962766e-03]
 [-3.76670435e-03 -1.10281259e-03 -1.03077292e-03]
 [ 6.67534396e-03  7.43995607e-03 -3.20288911e-03]
 [ 6.76365569e-03 -5.74800931e-03  2.25494336e-03]
 [ 3.45349126e-03  6.20730594e-03 -7.02577364e-03]
 [-8.26291740e-04 -7.25602731e-03  3.36222351e-04]
 [ 2.23487243e-03 -4.69974428e-03 -4.00543213e-05]
 [ 3.62563692e-03 -1.05802901e-03  1.70492008e-03]
 [-5.42048365e-03  6.62356615e-04 -9.93974507e-04]
 [ 3.24138626e-03  1.01341736e-02 -8.75505991e-03]
 [-2.79457867e-03 -6.96182251e-05 -9.14763659e-04]
 [-4.57135774e-03  1.91898085e-03  1.87550299e-03]]",[-0.00241638 -0.00597387 -0.00502877  0.00062286 -0.00132238  0.00048733],9.598613048327834,9.634819847953299,9.622023335062108,90.06166073868019,89.99977207440159,90.18749208920902,889.8481704135082,"[[[[ 7.68369364e-01 -9.32915951e-03  2.05929391e-03]
   [-9.32915951e-03  6.28465295e-01  9.20951134e-04]
   [ 2.05929391e-03  9.20951134e-04  6.29685640e-01]]

  [[-7.68589030e-03  4.26911752e-01  9.84125523e-03]
   [ 4.26911752e-01 -9.01566818e-03 -1.31760361e-02]
   [ 9.84125523e-03 -1.31760361e-02 -2.10943399e-03]]

  [[-1.24922779e-03  9.78156626e-03  4.30829388e-01]
   [ 9.78156626e-03 -3.12347431e-03 -3.02525295e-04]
   [ 4.30829388e-01 -3.02525295e-04  1.48802064e-03]]]


 [[[-7.68589030e-03  4.26911752e-01  9.84125523e-03]
   [ 4.26911752e-01 -9.01566818e-03 -1.31760361e-02]
   [ 9.84125523e-03 -1.31760361e-02 -2.10943399e-03]]

  [[ 6.24960047e-01 -1.10152358e-02 -7.61626288e-04]
   [-1.10152358e-02  7.89603433e-01 -6.56926073e-03]
   [-7.61626288e-04 -6.56926073e-03  6.22697279e-01]]

  [[ 1.87059244e-03 -1.42742213e-02 -1.05064828e-04]
   [-1.42742213e-02 -4.04855469e-03  4.27896477e-01]
   [-1.05064828e-04  4.27896477e-01 -5.11083441e-03]]]


 [[[-1.24922779e-03  9.78156626e-03  4.30829388e-01]
   [ 9.78156626e-03 -3.12347431e-03 -3.02525295e-04]
   [ 4.30829388e-01 -3.02525295e-04  1.48802064e-03]]

  [[ 1.87059244e-03 -1.42742213e-02 -1.05064828e-04]
   [-1.42742213e-02 -4.04855469e-03  4.27896477e-01]
   [-1.05064828e-04  4.27896477e-01 -5.11083441e-03]]

  [[ 6.27108223e-01 -3.28263966e-03  2.25422205e-03]
   [-3.28263966e-03  6.23627070e-01 -6.50208211e-03]
   [ 2.25422205e-03 -6.50208211e-03  7.78243197e-01]]]]",0.21873517230322864,0.676863605656913,592392967.0649658,0.0006583250544811878,"Full Formula (Ti41 Al11 Cr2)
Reduced Formula: Ti41Al11Cr2
abc   :   9.598613   9.634820   9.622023
angles:  90.061661  89.999772  90.187492
pbc   :       True       True       True
Sites (54)
  #  SP            a          b          c
---  ----  ---------  ---------  ---------
  0  Ti     0.001283  -0.00274   -0.004707
  1  Ti    -0.008169   0.003502   0.327504
  2  Ti    -0.006669   0.32886    0.333998
  3  Ti     0.001716   0.336952   0.662844
  4  Ti     0.004284   0.664156   0.006391
  5  Ti     0.000237   0.670735   0.332712
  6  Ti    -0.001129   0.667927   0.660949
  7  Ti     0.329719   0.002491  -0.005024
  8  Ti     0.323414   0.002976   0.673589
  9  Ti     0.334538   0.334093   0.332686
 10  Ti     0.332169   0.329733   0.663162
 11  Ti     0.331544   0.668167   0.00626
 12  Ti     0.337489   0.66217    0.336757
 13  Ti     0.338251   0.664395   0.65964
 14  Ti     0.66915   -0.000288  -0.000243
 15  Ti     0.678747   0.007255   0.325888
 16  Ti     0.671689  -0.000582   0.676
 17  Ti     0.658705   0.336561  -0.005253
 18  Ti     0.671516   0.321791   0.33454
 19  Ti     0.66683    0.329796   0.671939
 20  Ti     0.660947   0.662552   0.001423
 21  Ti     0.664566   0.668461   0.336815
 22  Ti     0.664705   0.66904    0.663038
 23  Ti     0.170966   0.158708   0.488534
 24  Ti     0.158769   0.489743   0.162412
 25  Ti     0.164347   0.498858   0.500122
 26  Ti     0.1624     0.496299   0.83717
 27  Ti     0.176984   0.847566   0.176885
 28  Ti     0.175739   0.843865   0.490015
 29  Ti     0.49028    0.156762   0.17561
 30  Ti     0.493368   0.154798   0.493297
 31  Ti     0.498028   0.165541   0.83115
 32  Ti     0.502232   0.498099   0.167632
 33  Ti     0.492871   0.501404   0.833179
 34  Ti     0.491976   0.843446   0.178249
 35  Ti     0.497645   0.831819   0.831711
 36  Ti     0.84417    0.1768     0.841657
 37  Ti     0.836791   0.492071   0.160755
 38  Ti     0.830678   0.50077    0.499242
 39  Ti     0.832766   0.837671   0.502388
 40  Ti     0.83319    0.827307   0.835169
 41  Al     0.005452  -0.001573   0.672655
 42  Al     0.334468   0.330538   0.003609
 43  Al     0.165348   0.166325   0.168774
 44  Al     0.157827   0.182026   0.837491
 45  Al     0.167418   0.820056   0.834233
 46  Al     0.507177   0.489546   0.500234
 47  Al     0.498051   0.849994   0.495664
 48  Al     0.838232   0.18061    0.145182
 49  Al     0.835201   0.163699   0.510866
 50  Al     0.840618   0.497153   0.83757
 51  Al     0.832777   0.827062   0.162805
 52  Cr     0.007867   0.339975   0.001589
 53  Cr     0.33083    0.00506    0.333243"
3,"Full Formula (Ti41 Al11 Cr2)
Reduced Formula: Ti41Al11Cr2
abc   :   9.620391   9.646413   9.648425
angles:  89.892048  89.792659  89.954621
pbc   :       True       True       True
Sites (54)
  #  SP            a          b          c
---  ----  ---------  ---------  ---------
  0  Ti     0.009899   0.007134  -0.011902
  1  Ti    -0.006442  -0.019275   0.347747
  2  Ti     0.002882   0.006454   0.668342
  3  Ti    -0.00391    0.337616   0.32645
  4  Ti    -0.002959   0.660911   0.002139
  5  Ti    -0.009498   0.670929   0.651128
  6  Ti     0.325475   0.012254  -0.00896
  7  Ti     0.318129   0.019328   0.68205
  8  Ti     0.322167   0.328151  -0.004304
  9  Ti     0.334137   0.327078   0.323301
 10  Ti     0.324103   0.328602   0.678227
 11  Ti     0.334551   0.660457  -0.00208
 12  Ti     0.341836   0.672661   0.335363
 13  Ti     0.337961   0.653915   0.667783
 14  Ti     0.667566  -0.005873  -0.003576
 15  Ti     0.670716  -0.014541   0.343279
 16  Ti     0.680007  -0.002115   0.661107
 17  Ti     0.684711   0.336608   0.009014
 18  Ti     0.669071   0.325315   0.329364
 19  Ti     0.669826   0.331037   0.664141
 20  Ti     0.664543   0.67275   -0.004057
 21  Ti     0.667332   0.672683   0.650128
 22  Ti     0.159522   0.159563   0.172037
 23  Ti     0.169207   0.505321   0.172294
 24  Ti     0.175106   0.498277   0.495033
 25  Ti     0.15569    0.498129   0.8325
 26  Ti     0.167804   0.833284   0.162824
 27  Ti     0.176264   0.83242    0.508045
 28  Ti     0.165599   0.824277   0.829036
 29  Ti     0.505895   0.165431   0.162667
 30  Ti     0.497277   0.165479   0.502276
 31  Ti     0.509838   0.172919   0.835032
 32  Ti     0.505878   0.500358   0.167324
 33  Ti     0.495564   0.836465   0.159164
 34  Ti     0.495194   0.835137   0.826481
 35  Ti     0.836379   0.167118   0.493729
 36  Ti     0.838277   0.17219    0.834905
 37  Ti     0.829015   0.49978    0.492445
 38  Ti     0.834943   0.499657   0.823411
 39  Ti     0.833883   0.829343   0.167173
 40  Ti     0.837212   0.830716   0.83186
 41  Al    -0.003347   0.335884   0.012267
 42  Al     0.004655   0.330613   0.657867
 43  Al     0.00659    0.674929   0.342283
 44  Al     0.33461   -0.001647   0.329084
 45  Al     0.65308    0.684204   0.348313
 46  Al     0.165576   0.167277   0.489224
 47  Al     0.496991   0.483423   0.493886
 48  Al     0.508934   0.493578   0.839563
 49  Al     0.483837   0.850999   0.516573
 50  Al     0.836936   0.145363   0.173199
 51  Al     0.823489   0.519625   0.181471
 52  Cr     0.162554   0.174163   0.841821
 53  Cr     0.83545    0.833649   0.501529",-387.7235412597656,"[[ 1.2061745e-03 -1.7197579e-03  2.1983907e-03]
 [-1.7370544e-03  5.3010881e-04  1.3549514e-03]
 [-8.1844255e-03 -5.4540588e-03 -8.6332746e-03]
 [ 3.2323301e-03  3.2799169e-03 -5.2083656e-04]
 [-3.2312460e-03 -1.0379652e-02  6.7561194e-03]
 [ 1.8909574e-04 -6.7511313e-03 -6.3269474e-03]
 [-6.7787543e-03  8.7117553e-03  1.5345141e-03]
 [-2.6648501e-03  1.3974402e-04  6.9804266e-03]
 [ 5.6917220e-03  2.7381331e-03  4.7057793e-03]
 [ 3.0814819e-03  2.8854609e-03  3.7000775e-03]
 [ 1.1053309e-03  7.2028395e-04 -1.3917014e-03]
 [ 4.0805936e-03 -7.4059684e-03 -2.5750622e-03]
 [ 3.3988506e-03  8.1223696e-03 -2.2794344e-03]
 [-4.5396164e-03  1.2137964e-03  4.6921708e-03]
 [ 4.1618422e-03  4.4458807e-03 -1.0355115e-03]
 [-5.0687492e-03  3.8672984e-03 -2.3705633e-03]
 [ 1.3185665e-03  4.6246368e-03  2.1531545e-03]
 [ 2.3059361e-04 -3.4704804e-04  1.1520134e-04]
 [-4.9270550e-03 -2.9350147e-03  4.1698292e-03]
 [ 1.8606558e-03 -2.3077577e-03 -3.3766106e-03]
 [ 3.3334624e-03 -2.8973967e-03 -5.5642650e-03]
 [ 4.9488004e-03  1.6904771e-03  4.8383325e-04]
 [-2.3861201e-03  3.5011396e-03  6.4897388e-03]
 [ 9.1485381e-03 -1.1389311e-03  4.6932865e-03]
 [ 2.1765977e-03  8.2215853e-04 -2.4723350e-03]
 [ 2.8257072e-04 -3.4026541e-03 -8.9655630e-04]
 [ 1.7373078e-04 -3.9784294e-03 -4.2421706e-03]
 [-2.1199211e-03 -1.9878112e-03 -3.9044693e-03]
 [-9.3035623e-03 -4.8956489e-03  4.2888373e-03]
 [-4.2054802e-04  2.1934435e-03  2.3989584e-03]
 [-8.0843158e-03 -8.2210079e-04 -2.2196323e-03]
 [-3.2939576e-04  4.1385479e-03  4.2113466e-03]
 [ 5.7346597e-03  1.9980315e-03  7.2512664e-03]
 [ 2.2834530e-03 -2.8697588e-03 -1.6698234e-02]
 [ 4.6290644e-04 -2.1254346e-03  7.5963903e-03]
 [ 3.9258972e-05  2.8203260e-03 -4.5538098e-03]
 [-8.3699822e-05 -8.0911815e-04  6.0402043e-04]
 [-4.9218237e-03  1.2206435e-03 -6.5794196e-03]
 [-9.8906457e-06 -2.0803567e-03  4.5938417e-04]
 [ 1.7738342e-04 -2.1988973e-03  4.7371611e-03]
 [ 6.2329001e-03 -1.9171964e-03 -1.3022497e-03]
 [ 3.2036323e-03  6.1962008e-04  7.4795447e-04]
 [-5.0623119e-03  7.9301000e-04 -5.3141117e-03]
 [ 2.5367141e-03 -5.3999596e-03 -4.1617155e-03]
 [ 6.1762892e-04 -6.7401975e-03 -7.7526495e-03]
 [-3.5464503e-03  8.4891077e-03  5.4246634e-03]
 [ 2.7700327e-03  8.1464369e-04 -1.4829598e-03]
 [-1.7843060e-03  2.9322896e-03  3.6260113e-03]
 [ 4.4777584e-03 -2.0909719e-03 -5.7798419e-03]
 [-2.4170876e-03 -1.8417090e-04  7.0608556e-03]
 [ 3.8552005e-04  5.2801548e-03  4.0305369e-03]
 [-9.7380430e-03  4.7685765e-04  5.8061816e-03]
 [ 4.6468712e-03  2.1117553e-03 -3.2057911e-03]
 [ 4.1496307e-03  1.6580392e-03 -3.6308486e-03]]",[ 0.00060877 -0.00120325 -0.00176824 -0.0017815   0.00096087  0.00151868],9.620391083199003,9.646413030402417,9.648425049257503,89.8920484559986,89.79265858094428,89.95462104173876,895.3879787968696,"[[[[ 7.72712482e-01  2.14184402e-03  2.74099526e-03]
   [ 2.14184402e-03  6.05192480e-01  2.62917019e-04]
   [ 2.74099526e-03  2.62917019e-04  6.14448197e-01]]

  [[ 4.95413338e-03  4.07167943e-01 -1.01280018e-02]
   [ 4.07167943e-01  1.66630101e-03  2.52141484e-02]
   [-1.01280018e-02  2.52141484e-02  1.87072670e-03]]

  [[ 4.80634316e-03 -1.01985356e-02  4.15040000e-01]
   [-1.01985356e-02  8.15794027e-03  1.07880041e-02]
   [ 4.15040000e-01  1.07880041e-02  4.35537581e-03]]]


 [[[ 4.95413338e-03  4.07167943e-01 -1.01280018e-02]
   [ 4.07167943e-01  1.66630101e-03  2.52141484e-02]
   [-1.01280018e-02  2.52141484e-02  1.87072670e-03]]

  [[ 6.03448884e-01  4.27118503e-04  6.49762340e-03]
   [ 4.27118503e-04  7.97312465e-01  6.38876343e-03]
   [ 6.49762340e-03  6.38876343e-03  6.12478687e-01]]

  [[-2.12040381e-03  2.56663561e-02  1.09016440e-02]
   [ 2.56663561e-02  2.54800994e-03  4.14736917e-01]
   [ 1.09016440e-02  4.14736917e-01  2.47854274e-03]]]


 [[[ 4.80634316e-03 -1.01985356e-02  4.15040000e-01]
   [-1.01985356e-02  8.15794027e-03  1.07880041e-02]
   [ 4.15040000e-01  1.07880041e-02  4.35537581e-03]]

  [[-2.12040381e-03  2.56663561e-02  1.09016440e-02]
   [ 2.56663561e-02  2.54800994e-03  4.14736917e-01]
   [ 1.09016440e-02  4.14736917e-01  2.47854274e-03]]

  [[ 6.12063133e-01 -3.23159620e-04  3.57265119e-03]
   [-3.23159620e-04  6.11833418e-01  3.33129428e-03]
   [ 3.57265119e-03  3.33129428e-03  7.81311952e-01]]]]",0.22321924167614338,0.6677432208117278,602519202.6543531,0.0006394378401046354,"Full Formula (Ti41 Al11 Cr2)
Reduced Formula: Ti41Al11Cr2
abc   :   9.620391   9.646413   9.648425
angles:  89.892048  89.792659  89.954621
pbc   :       True       True       True
Sites (54)
  #  SP            a          b          c
---  ----  ---------  ---------  ---------
  0  Ti     0.009899   0.007134  -0.011902
  1  Ti    -0.006442  -0.019275   0.347747
  2  Ti     0.002882   0.006454   0.668342
  3  Ti    -0.00391    0.337616   0.32645
  4  Ti    -0.002959   0.660911   0.002139
  5  Ti    -0.009498   0.670929   0.651128
  6  Ti     0.325475   0.012254  -0.00896
  7  Ti     0.318129   0.019328   0.68205
  8  Ti     0.322167   0.328151  -0.004304
  9  Ti     0.334137   0.327078   0.323301
 10  Ti     0.324103   0.328602   0.678227
 11  Ti     0.334551   0.660457  -0.00208
 12  Ti     0.341836   0.672661   0.335363
 13  Ti     0.337961   0.653915   0.667783
 14  Ti     0.667566  -0.005873  -0.003576
 15  Ti     0.670716  -0.014541   0.343279
 16  Ti     0.680007  -0.002115   0.661107
 17  Ti     0.684711   0.336608   0.009014
 18  Ti     0.669071   0.325315   0.329364
 19  Ti     0.669826   0.331037   0.664141
 20  Ti     0.664543   0.67275   -0.004057
 21  Ti     0.667332   0.672683   0.650128
 22  Ti     0.159522   0.159563   0.172037
 23  Ti     0.169207   0.505321   0.172294
 24  Ti     0.175106   0.498277   0.495033
 25  Ti     0.15569    0.498129   0.8325
 26  Ti     0.167804   0.833284   0.162824
 27  Ti     0.176264   0.83242    0.508045
 28  Ti     0.165599   0.824277   0.829036
 29  Ti     0.505895   0.165431   0.162667
 30  Ti     0.497277   0.165479   0.502276
 31  Ti     0.509838   0.172919   0.835032
 32  Ti     0.505878   0.500358   0.167324
 33  Ti     0.495564   0.836465   0.159164
 34  Ti     0.495194   0.835137   0.826481
 35  Ti     0.836379   0.167118   0.493729
 36  Ti     0.838277   0.17219    0.834905
 37  Ti     0.829015   0.49978    0.492445
 38  Ti     0.834943   0.499657   0.823411
 39  Ti     0.833883   0.829343   0.167173
 40  Ti     0.837212   0.830716   0.83186
 41  Al    -0.003347   0.335884   0.012267
 42  Al     0.004655   0.330613   0.657867
 43  Al     0.00659    0.674929   0.342283
 44  Al     0.33461   -0.001647   0.329084
 45  Al     0.65308    0.684204   0.348313
 46  Al     0.165576   0.167277   0.489224
 47  Al     0.496991   0.483423   0.493886
 48  Al     0.508934   0.493578   0.839563
 49  Al     0.483837   0.850999   0.516573
 50  Al     0.836936   0.145363   0.173199
 51  Al     0.823489   0.519625   0.181471
 52  Cr     0.162554   0.174163   0.841821
 53  Cr     0.83545    0.833649   0.501529"
4,"Full Formula (Ti41 Al11 Cr2)
Reduced Formula: Ti41Al11Cr2
abc   :   9.669683   9.619769   9.635976
angles:  89.830620  90.153048  90.067414
pbc   :       True       True       True
Sites (54)
  #  SP            a          b          c
---  ----  ---------  ---------  ---------
  0  Ti    -0.00463   -0.001119   0.001676
  1  Ti    -0.006479   0.005856   0.332883
  2  Ti    -0.003324   0.00278    0.667309
  3  Ti     0.005684   0.336057  -0.005428
  4  Ti     0.006522   0.329445   0.66479
  5  Ti     0.000154   0.664424   0.007074
  6  Ti    -8e-06      0.664592   0.330965
  7  Ti     0.333384  -0.004185   0.003825
  8  Ti     0.334909  -0.002885   0.328532
  9  Ti     0.331659   0.334736  -0.004248
 10  Ti     0.331959   0.330816   0.334884
 11  Ti     0.331254   0.335109   0.667288
 12  Ti     0.333133   0.67164    0.334629
 13  Ti     0.672016  -0.000878  -0.00063
 14  Ti     0.671195   0.006041   0.332885
 15  Ti     0.671487  -0.002372   0.668636
 16  Ti     0.661516   0.335032  -0.004791
 17  Ti     0.660737   0.334764   0.665576
 18  Ti     0.666426   0.665441  -0.001212
 19  Ti     0.66801    0.662862   0.339075
 20  Ti     0.660683   0.665913   0.663212
 21  Ti     0.166214   0.166031   0.165258
 22  Ti     0.17576    0.154633   0.82532
 23  Ti     0.169573   0.498934   0.167566
 24  Ti     0.162885   0.509836   0.508397
 25  Ti     0.158545   0.517007   0.821412
 26  Ti     0.162061   0.835443   0.168574
 27  Ti     0.16268    0.837298   0.508862
 28  Ti     0.171636   0.832228   0.825043
 29  Ti     0.500781   0.165527   0.163799
 30  Ti     0.491704   0.156836   0.824735
 31  Ti     0.494631   0.497785   0.499
