,final_structure,energy,forces,stress,a,b,c,alpha,beta,gamma,volume,elastic_tensor,shear_modulus_vrh,bulk_modulus_vrh,youngs_modulus,residuals_sum,structure
0,"Full Formula (Ti41 Al11 Cr2)
Reduced Formula: Ti41Al11Cr2
abc   :   9.649312   9.612924   9.614316
angles:  89.839832  90.102656  89.994690
pbc   :       True       True       True
Sites (54)
  #  SP            a          b          c
---  ----  ---------  ---------  ---------
  0  Ti     0.012187  -0.002496  -0.016485
  1  Ti    -0.010501  -0.011012   0.337778
  2  Ti     0.001572   0.328958  -0.001529
  3  Ti     0.010182   0.312932   0.673623
  4  Ti     0.004465   0.678505   0.664083
  5  Ti     0.328243   0.007772  -0.004097
  6  Ti     0.346512   7.7e-05    0.328188
  7  Ti     0.331476   0.021953   0.673753
  8  Ti     0.325807   0.331176   0.336989
  9  Ti     0.322451   0.667601  -0.001045
 10  Ti     0.33305    0.668975   0.340302
 11  Ti     0.340622   0.65426    0.659976
 12  Ti     0.66031    0.001393   0.004577
 13  Ti     0.66218   -0.004601   0.320409
 14  Ti     0.662786   0.00859    0.677634
 15  Ti     0.676681   0.34086    0.31956
 16  Ti     0.667318   0.33935    0.676308
 17  Ti     0.667896   0.656252  -0.000117
 18  Ti     0.664815   0.66615    0.329854
 19  Ti     0.656776   0.653336   0.670049
 20  Ti     0.167908   0.162405   0.166187
 21  Ti     0.166019   0.501874   0.16823
 22  Ti     0.159341   0.499387   0.503157
 23  Ti     0.170588   0.491412   0.832229
 24  Ti     0.168876   0.837305   0.170836
 25  Ti     0.181762   0.841264   0.503681
 26  Ti     0.182692   0.832971   0.820642
 27  Ti     0.492961   0.185578   0.156429
 28  Ti     0.499449   0.181174   0.848478
 29  Ti     0.502934   0.490745   0.493112
 30  Ti     0.483773   0.486865   0.849952
 31  Ti     0.495253   0.824947   0.157791
 32  Ti     0.502523   0.839755   0.509509
 33  Ti     0.837179   0.15481    0.161476
 34  Ti     0.824008   0.163827   0.500448
 35  Ti     0.831293   0.164032   0.839528
 36  Ti     0.838489   0.499695   0.504804
 37  Ti     0.844935   0.503029   0.82338
 38  Ti     0.835894   0.831125   0.157148
 39  Ti     0.816537   0.834776   0.51078
 40  Ti     0.821937   0.833115   0.829548
 41  Al     0.005822   0.004567   0.669668
 42  Al    -0.001155   0.324518   0.332431
 43  Al     0.007924   0.671004  -0.013139
 44  Al     0.001798   0.682192   0.347906
 45  Al     0.32577    0.322415   0.661913
 46  Al     0.687168   0.347434   0.008527
 47  Al     0.159526   0.157888   0.487568
 48  Al     0.510788   0.173496   0.495781
 49  Al     0.481979   0.492714   0.159866
 50  Al     0.494886   0.832435   0.834296
 51  Al     0.859277   0.51265    0.170577
 52  Cr     0.300293   0.32853   -0.003098
 53  Cr     0.176744   0.170036   0.850549",-386.28448486328125,"[[ 2.39581503e-02 -2.34089456e-02 -1.57453120e-02]
 [-2.23017801e-02 -9.25249700e-03  3.20298150e-02]
 [ 4.13431227e-03  9.03429091e-03  1.36839151e-02]
 [-1.11470819e-02 -4.67225909e-04 -1.43667907e-02]
 [ 9.49578080e-03  2.85609141e-02 -9.99549590e-03]
 [ 1.20229870e-02 -3.03812325e-04  4.59474791e-03]
 [ 2.93688625e-02  5.98040968e-03 -5.35886735e-03]
 [ 2.32566502e-02  8.20109807e-03 -2.28793733e-03]
 [-1.75278913e-02  1.77874416e-03 -7.63124228e-03]
 [-1.99564919e-02 -9.23264399e-03 -4.03810292e-03]
 [ 1.03194863e-02 -1.37821296e-02  1.32856183e-02]
 [ 1.50451213e-02 -1.85356624e-02 -1.80671439e-02]
 [-1.57661512e-02 -2.78353691e-05 -1.18641984e-02]
 [-1.05548576e-02 -3.50947306e-03 -1.31406039e-02]
 [-2.18042061e-02  3.49238738e-02  2.64304262e-02]
 [ 2.85119358e-02 -1.75120309e-03 -2.63008177e-02]
 [ 9.14134085e-04 -1.00045297e-02  1.96587965e-02]
 [ 4.38080169e-03 -1.18075758e-02 -1.12606464e-02]
 [ 4.25559282e-03  6.16461970e-03 -8.48788768e-04]
 [-2.29261965e-02 -2.54126713e-02  1.53686926e-02]
 [-1.94493271e-02 -2.65566744e-02  8.55178386e-03]
 [-1.75751112e-02  2.27109827e-02  2.12944262e-02]
 [-1.65289156e-02 -8.32010061e-04 -2.10079644e-03]
 [-8.78727436e-03 -5.37654757e-03 -1.44653544e-02]
 [ 7.64389336e-03  1.57276541e-03  2.24121176e-02]
 [ 2.35747993e-02  1.22137815e-02 -1.16175488e-02]
 [ 3.37666869e-02 -8.54633749e-04 -1.97838861e-02]
 [ 1.30633637e-03  1.34397224e-02 -1.21595152e-03]
 [-2.18389146e-02  9.08135530e-03  1.38532855e-02]
 [ 2.23949626e-02 -2.16077641e-02 -2.18754448e-02]
 [-1.91217028e-02 -1.01697287e-02  1.21744573e-02]
 [-8.10780935e-03 -2.79922485e-02 -9.59420949e-03]
 [ 6.94311969e-03  5.32027613e-03  1.57870390e-02]
 [ 1.17137842e-02 -2.85253339e-02 -1.87679641e-02]
 [-1.43185277e-02 -7.83958286e-03  1.03449803e-02]
 [ 1.86817087e-02 -9.04630776e-03  1.14194024e-02]
 [-7.86376745e-03  3.91345471e-03  8.78958777e-03]
 [ 2.07959749e-02  1.08257588e-02 -1.26055256e-02]
 [ 3.30030918e-04  9.55894589e-03 -9.84230172e-03]
 [-3.18729281e-02  1.21790692e-02  2.87147667e-02]
 [-1.64938420e-02  5.23104891e-03 -1.31434901e-02]
 [ 9.61242616e-03 -9.20223445e-03 -6.18304312e-03]
 [-1.27384476e-02 -1.22642480e-02  2.82123499e-03]
 [ 8.10026564e-03  2.15286389e-02 -1.56429186e-02]
 [-1.63203925e-02  2.02543810e-02  2.15609446e-02]
 [-2.03810632e-05  9.41194594e-04 -1.86451524e-02]
 [ 6.85191900e-03  2.53050774e-03 -5.40671498e-03]
 [ 3.26309726e-03 -1.06747895e-02 -4.55373526e-03]
 [ 1.22180320e-02  1.76214464e-02 -1.90131888e-02]
 [-4.72869724e-04  5.77834994e-03  6.95019960e-03]
 [-1.00165140e-04 -1.39428228e-02  3.85708618e-03]
 [ 6.86175376e-03  2.47733388e-02  7.64056109e-04]
 [-6.95625693e-03  5.45039959e-03  2.65487917e-02]
 [ 8.28634948e-04  1.28116775e-02  4.46710736e-03]]","[-3.66768939e-03 -8.25855386e-05  2.05206292e-04 -1.45395123e-03
 -1.94912602e-04 -1.03679579e-03]",9.649312085166649,9.61292400910061,9.614316233686989,89.83983197810201,90.10265612386922,89.99468975047725,891.8008231038457,"[[[[ 6.76066111e-01  1.89263839e-03 -8.81107699e-04]
   [ 1.89263839e-03  5.94812343e-01 -4.78721922e-03]
   [-8.81107699e-04 -4.78721922e-03  6.03701160e-01]]

  [[-1.59220460e-04  4.66887591e-01 -6.56396686e-03]
   [ 4.66887591e-01 -5.61875893e-03 -4.22600676e-03]
   [-6.56396686e-03 -4.22600676e-03  2.04937921e-03]]

  [[-1.60209097e-03 -6.71778194e-03  4.67071645e-01]
   [-6.71778194e-03 -1.18000084e-03 -2.77655141e-03]
   [ 4.67071645e-01 -2.77655141e-03 -3.82312787e-03]]]


 [[[-1.59220460e-04  4.66887591e-01 -6.56396686e-03]
   [ 4.66887591e-01 -5.61875893e-03 -4.22600676e-03]
   [-6.56396686e-03 -4.22600676e-03  2.04937921e-03]]

  [[ 5.98402617e-01 -5.83346235e-03  4.59132425e-04]
   [-5.83346235e-03  6.85450584e-01  6.40001148e-03]
   [ 4.59132425e-04  6.40001148e-03  5.87587301e-01]]

  [[-5.97240248e-03 -4.79506814e-03 -2.39017588e-03]
   [-4.79506814e-03  1.42146659e-03  4.58304786e-01]
   [-2.39017588e-03  4.58304786e-01  5.33259299e-03]]]


 [[[-1.60209097e-03 -6.71778194e-03  4.67071645e-01]
   [-6.71778194e-03 -1.18000084e-03 -2.77655141e-03]
   [ 4.67071645e-01 -2.77655141e-03 -3.82312787e-03]]

  [[-5.97240248e-03 -4.79506814e-03 -2.39017588e-03]
   [-4.79506814e-03  1.42146659e-03  4.58304786e-01]
   [-2.39017588e-03  4.58304786e-01  5.33259299e-03]]

  [[ 6.07545058e-01  3.10627278e-03 -3.57462326e-03]
   [ 3.10627278e-03  5.87804536e-01  6.32872572e-03]
   [-3.57462326e-03  6.32872572e-03  6.66982117e-01]]]]",0.1901093839094558,0.6230245101461546,517673900.9593758,0.0006790895187404076,"Full Formula (Ti41 Al11 Cr2)
Reduced Formula: Ti41Al11Cr2
abc   :   9.649312   9.612924   9.614316
angles:  89.839832  90.102656  89.994690
pbc   :       True       True       True
Sites (54)
  #  SP            a          b          c
---  ----  ---------  ---------  ---------
  0  Ti     0.012187  -0.002496  -0.016485
  1  Ti    -0.010501  -0.011012   0.337778
  2  Ti     0.001572   0.328958  -0.001529
  3  Ti     0.010182   0.312932   0.673623
  4  Ti     0.004465   0.678505   0.664083
  5  Ti     0.328243   0.007772  -0.004097
  6  Ti     0.346512   7.7e-05    0.328188
  7  Ti     0.331476   0.021953   0.673753
  8  Ti     0.325807   0.331176   0.336989
  9  Ti     0.322451   0.667601  -0.001045
 10  Ti     0.33305    0.668975   0.340302
 11  Ti     0.340622   0.65426    0.659976
 12  Ti     0.66031    0.001393   0.004577
 13  Ti     0.66218   -0.004601   0.320409
 14  Ti     0.662786   0.00859    0.677634
 15  Ti     0.676681   0.34086    0.31956
 16  Ti     0.667318   0.33935    0.676308
 17  Ti     0.667896   0.656252  -0.000117
 18  Ti     0.664815   0.66615    0.329854
 19  Ti     0.656776   0.653336   0.670049
 20  Ti     0.167908   0.162405   0.166187
 21  Ti     0.166019   0.501874   0.16823
 22  Ti     0.159341   0.499387   0.503157
 23  Ti     0.170588   0.491412   0.832229
 24  Ti     0.168876   0.837305   0.170836
 25  Ti     0.181762   0.841264   0.503681
 26  Ti     0.182692   0.832971   0.820642
 27  Ti     0.492961   0.185578   0.156429
 28  Ti     0.499449   0.181174   0.848478
 29  Ti     0.502934   0.490745   0.493112
 30  Ti     0.483773   0.486865   0.849952
 31  Ti     0.495253   0.824947   0.157791
 32  Ti     0.502523   0.839755   0.509509
 33  Ti     0.837179   0.15481    0.161476
 34  Ti     0.824008   0.163827   0.500448
 35  Ti     0.831293   0.164032   0.839528
 36  Ti     0.838489   0.499695   0.504804
 37  Ti     0.844935   0.503029   0.82338
 38  Ti     0.835894   0.831125   0.157148
 39  Ti     0.816537   0.834776   0.51078
 40  Ti     0.821937   0.833115   0.829548
 41  Al     0.005822   0.004567   0.669668
 42  Al    -0.001155   0.324518   0.332431
 43  Al     0.007924   0.671004  -0.013139
 44  Al     0.001798   0.682192   0.347906
 45  Al     0.32577    0.322415   0.661913
 46  Al     0.687168   0.347434   0.008527
 47  Al     0.159526   0.157888   0.487568
 48  Al     0.510788   0.173496   0.495781
 49  Al     0.481979   0.492714   0.159866
 50  Al     0.494886   0.832435   0.834296
 51  Al     0.859277   0.51265    0.170577
 52  Cr     0.300293   0.32853   -0.003098
 53  Cr     0.176744   0.170036   0.850549"
1,"Full Formula (Ti41 Al11 Cr2)
Reduced Formula: Ti41Al11Cr2
abc   :   9.623137   9.630880   9.618678
angles:  89.902690  89.937628  90.099422
pbc   :       True       True       True
Sites (54)
  #  SP            a          b          c
---  ----  ---------  ---------  ---------
  0  Ti     0.011457   0.011273  -0.001832
  1  Ti     0.012781  -0.005949   0.314647
  2  Ti     0.01632   -0.001856   0.686156
  3  Ti    -0.014026   0.345752   0.321698
  4  Ti     0.00372    0.334022   0.665495
  5  Ti    -0.021262   0.643751   0.00472
  6  Ti    -0.010111   0.664894   0.320334
  7  Ti     0.329396   0.008809   0.003236
  8  Ti     0.320344  -0.009439   0.320158
  9  Ti     0.319349  -0.002397   0.678081
 10  Ti     0.343512   0.340439   0.33784
 11  Ti     0.331066   0.673084   0.336594
 12  Ti     0.324722   0.668234   0.66467
 13  Ti     0.657189   0.000831  -0.002941
 14  Ti     0.666081  -0.016697   0.336731
 15  Ti     0.665203  -0.005567   0.6659
 16  Ti     0.671304   0.339451   0.016809
 17  Ti     0.671687   0.33789    0.337381
 18  Ti     0.662035   0.322262   0.645851
 19  Ti     0.673942   0.660291   0.008567
 20  Ti     0.678303   0.676805   0.328596
 21  Ti     0.671997   0.686215   0.663671
 22  Ti     0.164025   0.164379   0.490573
 23  Ti     0.174146   0.186368   0.843787
 24  Ti     0.177397   0.504454   0.15769
 25  Ti     0.162339   0.505707   0.492687
 26  Ti     0.179264   0.494827   0.844404
 27  Ti     0.158863   0.83148    0.496418
 28  Ti     0.175794   0.812262   0.858278
 29  Ti     0.505332   0.157139   0.180047
 30  Ti     0.502116   0.168537   0.826376
 31  Ti     0.501757   0.514967   0.174351
 32  Ti     0.502003   0.504743   0.829431
 33  Ti     0.483221   0.823089   0.150687
 34  Ti     0.488168   0.838309   0.503117
 35  Ti     0.489527   0.823417   0.842365
 36  Ti     0.828265   0.155971   0.170422
 37  Ti     0.826361   0.166288   0.829692
 38  Ti     0.838495   0.843612   0.152882
 39  Ti     0.85305    0.843033   0.504785
 40  Ti     0.83428    0.839696   0.842574
 41  Al    -0.019551   0.343923   0.003863
 42  Al     0.002884   0.659535   0.680777
 43  Al     0.357532   0.335321   0.011951
 44  Al     0.336367   0.338789   0.651671
 45  Al     0.167743   0.192738   0.165359
 46  Al     0.166866   0.810131   0.150739
 47  Al     0.486817   0.150713   0.494649
 48  Al     0.505146   0.51595    0.500787
 49  Al     0.848884   0.155334   0.495235
 50  Al     0.837295   0.510548   0.501931
 51  Al     0.818511   0.491608   0.818981
 52  Cr     0.338216   0.645574  -0.007365
 53  Cr     0.823879   0.499462   0.188495",-386.74688720703125,"[[ 1.46309920e-02  1.87863540e-02 -5.27154654e-03]
 [-2.09748093e-03 -1.54024959e-02 -1.25828609e-02]
 [ 1.91678628e-02  1.73506998e-02  8.40879232e-03]
 [-1.34688020e-02 -1.10726357e-02  5.02141938e-03]
 [ 7.28240237e-03 -1.99191533e-02 -3.25093046e-04]
 [-1.74201541e-02 -1.17582288e-02 -1.70212463e-02]
 [-4.85742465e-04  1.75017901e-02 -6.55949116e-05]
 [ 5.59353828e-03  1.83142209e-03 -1.83710456e-03]
 [-7.88432360e-03 -8.63264315e-03 -3.43746170e-02]
 [ 2.36028433e-03  1.69561766e-02  3.50349322e-02]
 [ 1.28541775e-02  9.90068167e-03  9.83695686e-03]
 [-1.45052262e-02 -7.34407082e-03 -6.94860332e-03]
 [-1.46660684e-02 -9.72667336e-03  6.90678507e-03]
 [-1.92935690e-02 -1.14599112e-02 -1.58477984e-02]
 [ 1.45925926e-02 -7.30703771e-03  8.42504203e-03]
 [-2.51996201e-02  6.27256930e-04  7.97755271e-03]
 [ 9.18903574e-03  1.49420425e-02  8.58606771e-03]
 [ 1.28691457e-03 -1.71589982e-02  1.27244517e-02]
 [-1.74213815e-02 -2.08312105e-02 -2.43942812e-02]
 [ 1.46684051e-03  9.43623483e-04 -1.35853589e-02]
 [ 2.20071264e-02  2.56482530e-02  1.05762333e-02]
 [-4.03150916e-04  2.78344899e-02 -8.10038298e-04]
 [ 2.18401104e-03 -2.17354000e-02 -1.12622529e-02]
 [ 2.94244587e-02  2.08972618e-02  1.92372911e-02]
 [-1.59521177e-02 -1.44888833e-03 -4.06682119e-03]
 [-1.23690851e-02 -1.79949962e-03 -8.83305073e-03]
 [ 1.19152283e-02 -4.44082357e-03  7.72509724e-03]
 [ 2.08450295e-02  9.71351564e-03  1.50384344e-02]
 [-5.33904508e-03 -4.05598804e-03  1.42638991e-03]
 [ 6.56370074e-03 -7.69982859e-03  9.44985636e-03]
 [-7.65035301e-03  2.05402449e-02  6.17760979e-03]
 [ 2.75334045e-02  1.22581534e-02  2.91739777e-02]
 [ 3.81572545e-03 -6.73366245e-03 -1.58247817e-02]
 [ 3.95110995e-03 -3.17890011e-03  3.56981903e-03]
 [-2.74516158e-02  1.36572868e-03 -4.21402650e-03]
 [-1.65783390e-02 -1.96941718e-02  2.95169791e-03]
 [-1.27197392e-02 -1.03182010e-02 -9.69769061e-03]
 [-1.84003375e-02 -7.27400370e-03 -5.05852327e-03]
 [ 5.74757345e-04  5.58801740e-03 -2.39838660e-02]
 [ 1.94404423e-02  1.36509892e-02  3.12921852e-02]
 [ 1.46438442e-02  1.60768814e-02 -1.36006214e-02]
 [-1.73817798e-02 -7.20009208e-04 -2.29809433e-04]
 [ 4.02818620e-03 -7.46367872e-03  5.22452220e-03]
 [ 2.16840208e-02  2.24073716e-02  3.15388255e-02]
 [-8.97735357e-04  9.25171189e-04 -2.16318890e-02]
 [ 7.09754322e-03  1.02961808e-02  4.14654613e-03]
 [-4.06511780e-03 -1.21875517e-02 -1.93199851e-02]
 [-2.10683979e-02 -2.89621651e-02 -6.47186115e-03]
 [ 1.08248498e-02  2.51294523e-02  2.16336921e-03]
 [ 5.05534932e-03 -2.04600319e-02  5.52901533e-03]
 [-1.72497751e-03  5.02978265e-03  3.48909199e-03]
 [-1.68423727e-02 -1.11699449e-02 -2.72888280e-02]
 [ 1.77121758e-02 -9.90247168e-03  6.56500272e-03]
 [-6.43938035e-03  3.65665928e-03  6.35132194e-03]]",[-0.00150425 -0.00295518 -0.00163511 -0.00041123  0.00035114  0.00010899],9.623136746460894,9.630879889881822,9.618677681115356,89.90269020044404,89.93762807445317,90.09942228684041,891.4489070806205,"[[[[ 7.04474682e-01 -7.81975104e-03  6.26513502e-04]
   [-7.81975104e-03  5.83511483e-01  2.33443163e-03]
   [ 6.26513502e-04  2.33443163e-03  5.88402464e-01]]

  [[-5.67091522e-03  4.55678298e-01  1.03152415e-02]
   [ 4.55678298e-01 -6.70215270e-03  6.67785391e-03]
   [ 1.03152415e-02  6.67785391e-03  2.47882640e-03]]

  [[ 5.28737582e-04  9.75577064e-03  4.62252873e-01]
   [ 9.75577064e-03  8.62942776e-03  1.40683493e-03]
   [ 4.62252873e-01  1.40683493e-03 -3.76772407e-03]]]


 [[[-5.67091522e-03  4.55678298e-01  1.03152415e-02]
   [ 4.55678298e-01 -6.70215270e-03  6.67785391e-03]
   [ 1.03152415e-02  6.67785391e-03  2.47882640e-03]]

  [[ 5.82098253e-01 -9.25386499e-03  6.23518950e-03]
   [-9.25386499e-03  7.19967840e-01 -2.61403329e-03]
   [ 6.23518950e-03 -2.61403329e-03  5.88155217e-01]]

  [[ 2.45980142e-03  6.98032071e-03  1.39486593e-03]
   [ 6.98032071e-03 -2.07320787e-03  4.65626692e-01]
   [ 1.39486593e-03  4.65626692e-01  1.07480950e-03]]]


 [[[ 5.28737582e-04  9.75577064e-03  4.62252873e-01]
   [ 9.75577064e-03  8.62942776e-03  1.40683493e-03]
   [ 4.62252873e-01  1.40683493e-03 -3.76772407e-03]]

  [[ 2.45980142e-03  6.98032071e-03  1.39486593e-03]
   [ 6.98032071e-03 -2.07320787e-03  4.65626692e-01]
   [ 1.39486593e-03  4.65626692e-01  1.07480950e-03]]

  [[ 5.88338140e-01  1.34711154e-04 -2.58698594e-03]
   [ 1.34711154e-04  5.89576495e-01 -4.51790402e-04]
   [-2.58698594e-03 -4.51790402e-04  7.04201509e-01]]]]",0.21435706062899396,0.6275591376580456,577336998.6583878,0.0006902185849834376,"Full Formula (Ti41 Al11 Cr2)
Reduced Formula: Ti41Al11Cr2
abc   :   9.623137   9.630880   9.618678
angles:  89.902690  89.937628  90.099422
pbc   :       True       True       True
Sites (54)
  #  SP            a          b          c
---  ----  ---------  ---------  ---------
  0  Ti     0.011457   0.011273  -0.001832
  1  Ti     0.012781  -0.005949   0.314647
  2  Ti     0.01632   -0.001856   0.686156
  3  Ti    -0.014026   0.345752   0.321698
  4  Ti     0.00372    0.334022   0.665495
  5  Ti    -0.021262   0.643751   0.00472
  6  Ti    -0.010111   0.664894   0.320334
  7  Ti     0.329396   0.008809   0.003236
  8  Ti     0.320344  -0.009439   0.320158
  9  Ti     0.319349  -0.002397   0.678081
 10  Ti     0.343512   0.340439   0.33784
 11  Ti     0.331066   0.673084   0.336594
 12  Ti     0.324722   0.668234   0.66467
 13  Ti     0.657189   0.000831  -0.002941
 14  Ti     0.666081  -0.016697   0.336731
 15  Ti     0.665203  -0.005567   0.6659
 16  Ti     0.671304   0.339451   0.016809
 17  Ti     0.671687   0.33789    0.337381
 18  Ti     0.662035   0.322262   0.645851
 19  Ti     0.673942   0.660291   0.008567
 20  Ti     0.678303   0.676805   0.328596
 21  Ti     0.671997   0.686215   0.663671
 22  Ti     0.164025   0.164379   0.490573
 23  Ti     0.174146   0.186368   0.843787
 24  Ti     0.177397   0.504454   0.15769
 25  Ti     0.162339   0.505707   0.492687
 26  Ti     0.179264   0.494827   0.844404
 27  Ti     0.158863   0.83148    0.496418
 28  Ti     0.175794   0.812262   0.858278
 29  Ti     0.505332   0.157139   0.180047
 30  Ti     0.502116   0.168537   0.826376
 31  Ti     0.501757   0.514967   0.174351
 32  Ti     0.502003   0.504743   0.829431
 33  Ti     0.483221   0.823089   0.150687
 34  Ti     0.488168   0.838309   0.503117
 35  Ti     0.489527   0.823417   0.842365
 36  Ti     0.828265   0.155971   0.170422
 37  Ti     0.826361   0.166288   0.829692
 38  Ti     0.838495   0.843612   0.152882
 39  Ti     0.85305    0.843033   0.504785
 40  Ti     0.83428    0.839696   0.842574
 41  Al    -0.019551   0.343923   0.003863
 42  Al     0.002884   0.659535   0.680777
 43  Al     0.357532   0.335321   0.011951
 44  Al     0.336367   0.338789   0.651671
 45  Al     0.167743   0.192738   0.165359
 46  Al     0.166866   0.810131   0.150739
 47  Al     0.486817   0.150713   0.494649
 48  Al     0.505146   0.51595    0.500787
 49  Al     0.848884   0.155334   0.495235
 50  Al     0.837295   0.510548   0.501931
 51  Al     0.818511   0.491608   0.818981
 52  Cr     0.338216   0.645574  -0.007365
 53  Cr     0.823879   0.499462   0.188495"
2,"Full Formula (Ti41 Al11 Cr2)
Reduced Formula: Ti41Al11Cr2
abc   :   9.607595   9.647198   9.627941
angles:  90.045930  89.922850  90.120455
pbc   :       True       True       True
Sites (54)
  #  SP            a          b          c
---  ----  ---------  ---------  ---------
  0  Ti    -8e-05     -0.005107  -0.004828
  1  Ti    -0.013616   0.006543   0.328788
  2  Ti    -0.01177    0.332072   0.337383
  3  Ti     0.008387   0.344765   0.653899
  4  Ti     0.010426   0.663769   0.01557
  5  Ti    -0.00426    0.662517   0.339806
  6  Ti     0.005021   0.665273   0.645412
  7  Ti     0.327119  -0.000706  -0.005969
  8  Ti     0.325846   0.001522   0.674842
  9  Ti     0.339155   0.326094   0.332206
 10  Ti     0.334301   0.332035   0.665918
 11  Ti     0.337668   0.662492   0.015731
 12  Ti     0.341708   0.665701   0.334339
 13  Ti     0.336221   0.663984   0.650911
 14  Ti     0.668552  -0.003738  -0.007075
 15  Ti     0.680786   0.014588   0.321202
 16  Ti     0.674757  -0.002905   0.689515
 17  Ti     0.648821   0.336921  -0.006692
 18  Ti     0.673266   0.322779   0.330913
 19  Ti     0.659667   0.330142   0.676512
 20  Ti     0.650781   0.668181   0.00298
 21  Ti     0.66457    0.663979   0.334625
 22  Ti     0.660452   0.66949    0.664459
 23  Ti     0.168704   0.159423   0.490372
 24  Ti     0.161806   0.488943   0.17358
 25  Ti     0.176519   0.496479   0.487456
 26  Ti     0.16344    0.501716   0.83798
 27  Ti     0.170858   0.843499   0.178127
 28  Ti     0.178975   0.846676   0.486271
 29  Ti     0.492742   0.156843   0.167215
 30  Ti     0.50125    0.155061   0.499312
 31  Ti     0.494326   0.162114   0.83412
 32  Ti     0.502845   0.494042   0.177055
 33  Ti     0.493544   0.506985   0.827506
 34  Ti     0.494309   0.849441   0.182003
 35  Ti     0.490154   0.828342   0.83074
 36  Ti     0.846928   0.186817   0.839402
 37  Ti     0.833104   0.494648   0.154198
 38  Ti     0.8205     0.496133   0.504851
 39  Ti     0.82574    0.839043   0.498102
 40  Ti     0.841189   0.812967   0.838237
 41  Al     0.004429  -0.003009   0.673597
 42  Al     0.331041   0.332075   0.00251
 43  Al     0.164382   0.165574   0.168902
 44  Al     0.157475   0.181072   0.834177
 45  Al     0.166148   0.81663    0.832741
 46  Al     0.506013   0.485793   0.498179
 47  Al     0.504329   0.854407   0.496036
 48  Al     0.837994   0.182819   0.139266
 49  Al     0.833718   0.163929   0.519462
 50  Al     0.840492   0.500492   0.836815
 51  Al     0.832297   0.825386   0.164327
 52  Cr     0.015764   0.345907   0.003192
 53  Cr     0.331209   0.009357   0.333818",-386.62347412109375,"[[ 1.17147099e-02 -5.06472401e-03 -4.91102040e-03]
 [-1.48999691e-03  1.06231431e-02  7.47499801e-03]
 [-1.45946629e-02 -7.27710500e-03 -1.89482537e-03]
 [-3.41476500e-03  1.74782835e-02  5.49613126e-03]
 [ 8.18620995e-03 -1.87474489e-03  9.78237018e-03]
 [-3.19494307e-03 -9.94328409e-03  9.51645896e-04]
 [ 6.97486103e-05 -1.40010491e-02  4.50728461e-03]
 [-9.46753006e-03 -3.09715793e-03  6.33291714e-03]
 [-1.15081705e-02 -1.47220120e-03 -1.13724992e-02]
 [ 2.48268433e-02 -3.25414836e-02  2.58069485e-05]
 [ 1.48956850e-03  7.01718032e-03  6.50355779e-03]
 [-8.07428546e-03 -9.63034108e-03  3.43969986e-02]
 [ 5.64280897e-03  1.04103759e-02 -1.04560666e-02]
 [-4.56108525e-03 -4.77982778e-03 -2.34954376e-02]
 [ 5.45941293e-03 -1.11902878e-02 -2.54658516e-02]
 [-4.70926613e-03  7.65867345e-03  4.14486229e-03]
 [-1.19770579e-02 -1.20160189e-02  3.47280130e-03]
 [ 4.70121577e-03  1.74204763e-02 -3.26363295e-02]
 [ 8.53362307e-03 -8.61661881e-03 -5.49649820e-03]
 [-5.88028319e-03 -1.09236687e-03  2.33694836e-02]
 [-1.04635954e-03 -5.05521894e-06  8.89652641e-04]
 [-1.11138066e-02  4.84438334e-03 -5.91851771e-04]
 [-1.66202337e-03  4.31486592e-03  3.22520360e-03]
 [-1.13005228e-02  8.58643651e-03  1.09113231e-02]
 [ 4.44754958e-03 -1.72280967e-02  1.91903207e-02]
 [ 1.01552419e-02 -1.09229051e-02 -1.40150543e-02]
 [ 8.95712711e-03  9.14912485e-03 -3.34315747e-03]
 [-3.95520870e-03  2.62255408e-03  1.09854937e-02]
 [-1.17604379e-02 -3.30905430e-04 -8.03485513e-04]
 [ 3.23203430e-02  1.28119662e-02 -4.33462001e-02]
 [ 1.31054036e-02  1.11753438e-02  2.16556042e-02]
 [-1.79041401e-02 -1.25739761e-02  3.79839540e-03]
 [ 1.22767612e-02 -1.02052148e-02  3.05144140e-03]
 [-1.80447735e-02  2.51740478e-02  1.36430748e-03]
 [ 1.36296209e-02  7.36544188e-03 -1.33614019e-02]
 [-2.78619304e-02 -1.68103930e-02  6.37410581e-03]
 [ 9.71202925e-03 -3.41482460e-04 -2.81383097e-03]
 [-1.55761745e-02  2.20835209e-03  3.31402197e-03]
 [-1.16591528e-02 -2.54047848e-03 -9.60167497e-04]
 [ 5.56131080e-03 -4.68078256e-03 -4.50623594e-03]
 [ 6.34592026e-03 -5.47831692e-03  7.13008270e-03]
 [-3.43579240e-03 -7.68615305e-03  8.64228606e-03]
 [-4.35478985e-03  4.74270433e-03 -7.22627342e-03]
 [-3.90168279e-03  2.26867199e-03 -7.06203282e-04]
 [-1.62253156e-03  4.45324741e-03 -2.16507912e-03]
 [ 7.98515044e-03 -9.14364308e-03 -1.44898146e-03]
 [ 5.31534851e-03 -1.02551505e-02 -1.22375134e-03]
 [-8.85356218e-04  4.96705621e-03 -4.60974406e-03]
 [ 1.46679580e-04 -3.85566615e-03 -1.48979845e-02]
 [-3.03845480e-03 -2.08988786e-05  1.55685320e-02]
 [ 2.08923966e-03  8.18244368e-03  3.85740027e-03]
 [ 2.33013276e-03  1.05744004e-02  2.37194728e-03]
 [ 7.86859915e-03  1.55564304e-02  4.84741852e-03]
 [ 1.51245389e-02  2.50707828e-02 -1.88852381e-03]]",[ 0.00076755 -0.00349492 -0.00188858  0.00104102 -0.00109889  0.00079261],9.607594950729828,9.64719765006699,9.627941397092691,90.04593032107782,89.92284958162097,90.12045478513399,892.375848159907,"[[[[ 6.66344790e-01 -3.21264379e-03  5.67824580e-03]
   [-3.21264379e-03  6.02354869e-01  4.22990881e-03]
   [ 5.67824580e-03  4.22990881e-03  5.89815823e-01]]

  [[-2.73083919e-03  4.80530737e-01  4.86866629e-04]
   [ 4.80530737e-01 -4.27605041e-03 -7.94282641e-03]
   [ 4.86866629e-04 -7.94282641e-03  4.56026057e-03]]

  [[ 3.96223933e-03  5.35050543e-04  4.73738906e-01]
   [ 5.35050543e-04 -1.06851345e-02 -4.12394176e-03]
   [ 4.73738906e-01 -4.12394176e-03  4.66733046e-03]]]


 [[[-2.73083919e-03  4.80530737e-01  4.86866629e-04]
   [ 4.80530737e-01 -4.27605041e-03 -7.94282641e-03]
   [ 4.86866629e-04 -7.94282641e-03  4.56026057e-03]]

  [[ 5.98087255e-01 -3.61342682e-03 -6.23389613e-03]
   [-3.61342682e-03  6.72709235e-01 -4.11627814e-03]
   [-6.23389613e-03 -4.11627814e-03  5.97506429e-01]]

  [[ 5.13020321e-03 -8.31156232e-03 -4.00391866e-03]
   [-8.31156232e-03  1.97579871e-03  4.78381570e-01]
   [-4.00391866e-03  4.78381570e-01 -1.92724246e-03]]]


 [[[ 3.96223933e-03  5.35050543e-04  4.73738906e-01]
   [ 5.35050543e-04 -1.06851345e-02 -4.12394176e-03]
   [ 4.73738906e-01 -4.12394176e-03  4.66733046e-03]]

  [[ 5.13020321e-03 -8.31156232e-03 -4.00391866e-03]
   [-8.31156232e-03  1.97579871e-03  4.78381570e-01]
   [-4.00391866e-03  4.78381570e-01 -1.92724246e-03]]

  [[ 5.87193612e-01  3.69500369e-03  5.52728307e-03]
   [ 3.69500369e-03  5.99144344e-01 -3.45212407e-03]
   [ 5.52728307e-03 -3.45212407e-03  6.86989045e-01]]]]",0.19450132171597626,0.6221107771617804,528432905.7873224,0.0007297479706965884,"Full Formula (Ti41 Al11 Cr2)
Reduced Formula: Ti41Al11Cr2
abc   :   9.607595   9.647198   9.627941
angles:  90.045930  89.922850  90.120455
pbc   :       True       True       True
Sites (54)
  #  SP            a          b          c
---  ----  ---------  ---------  ---------
  0  Ti    -8e-05     -0.005107  -0.004828
  1  Ti    -0.013616   0.006543   0.328788
  2  Ti    -0.01177    0.332072   0.337383
  3  Ti     0.008387   0.344765   0.653899
  4  Ti     0.010426   0.663769   0.01557
  5  Ti    -0.00426    0.662517   0.339806
  6  Ti     0.005021   0.665273   0.645412
  7  Ti     0.327119  -0.000706  -0.005969
  8  Ti     0.325846   0.001522   0.674842
  9  Ti     0.339155   0.326094   0.332206
 10  Ti     0.334301   0.332035   0.665918
 11  Ti     0.337668   0.662492   0.015731
 12  Ti     0.341708   0.665701   0.334339
 13  Ti     0.336221   0.663984   0.650911
 14  Ti     0.668552  -0.003738  -0.007075
 15  Ti     0.680786   0.014588   0.321202
 16  Ti     0.674757  -0.002905   0.689515
 17  Ti     0.648821   0.336921  -0.006692
 18  Ti     0.673266   0.322779   0.330913
 19  Ti     0.659667   0.330142   0.676512
 20  Ti     0.650781   0.668181   0.00298
 21  Ti     0.66457    0.663979   0.334625
 22  Ti     0.660452   0.66949    0.664459
 23  Ti     0.168704   0.159423   0.490372
 24  Ti     0.161806   0.488943   0.17358
 25  Ti     0.176519   0.496479   0.487456
 26  Ti     0.16344    0.501716   0.83798
 27  Ti     0.170858   0.843499   0.178127
 28  Ti     0.178975   0.846676   0.486271
 29  Ti     0.492742   0.156843   0.167215
 30  Ti     0.50125    0.155061   0.499312
 31  Ti     0.494326   0.162114   0.83412
 32  Ti     0.502845   0.494042   0.177055
 33  Ti     0.493544   0.506985   0.827506
 34  Ti     0.494309   0.849441   0.182003
 35  Ti     0.490154   0.828342   0.83074
 36  Ti     0.846928   0.186817   0.839402
 37  Ti     0.833104   0.494648   0.154198
 38  Ti     0.8205     0.496133   0.504851
 39  Ti     0.82574    0.839043   0.498102
 40  Ti     0.841189   0.812967   0.838237
 41  Al     0.004429  -0.003009   0.673597
 42  Al     0.331041   0.332075   0.00251
 43  Al     0.164382   0.165574   0.168902
 44  Al     0.157475   0.181072   0.834177
 45  Al     0.166148   0.81663    0.832741
 46  Al     0.506013   0.485793   0.498179
 47  Al     0.504329   0.854407   0.496036
 48  Al     0.837994   0.182819   0.139266
 49  Al     0.833718   0.163929   0.519462
 50  Al     0.840492   0.500492   0.836815
 51  Al     0.832297   0.825386   0.164327
 52  Cr     0.015764   0.345907   0.003192
 53  Cr     0.331209   0.009357   0.333818"
3,"Full Formula (Ti41 Al11 Cr2)
Reduced Formula: Ti41Al11Cr2
abc   :   9.612808   9.635072   9.630412
angles:  89.928169  89.810610  90.078638
pbc   :       True       True       True
Sites (54)
  #  SP            a          b          c
---  ----  ---------  ---------  ---------
  0  Ti     0.012062   0.004288  -0.018042
  1  Ti    -0.000321  -0.024913   0.35221
  2  Ti    -0.001693   0.004147   0.669646
  3  Ti    -0.004244   0.342792   0.326811
  4  Ti     0.004493   0.664572   0.005381
  5  Ti    -0.010719   0.663094   0.649537
  6  Ti     0.321108   0.012853  -0.012015
  7  Ti     0.319117   0.021063   0.688136
  8  Ti     0.317529   0.318693  -0.003938
  9  Ti     0.3387     0.319327   0.319178
 10  Ti     0.326578   0.327996   0.679063
 11  Ti     0.333138   0.666448  -0.006619
 12  Ti     0.339448   0.678388   0.335269
 13  Ti     0.343537   0.652013   0.672786
 14  Ti     0.675333  -0.006561  -0.011701
 15  Ti     0.668298  -0.014009   0.343524
 16  Ti     0.683975  -0.004243   0.66571
 17  Ti     0.681886   0.329833   0.016755
 18  Ti     0.666592   0.323707   0.322809
 19  Ti     0.675265   0.334667   0.662515
 20  Ti     0.659871   0.67767   -0.001189
 21  Ti     0.663666   0.672022   0.655665
 22  Ti     0.155049   0.15418    0.174404
 23  Ti     0.176766   0.507093   0.170709
 24  Ti     0.181166   0.496512   0.491841
 25  Ti     0.15797    0.50177    0.833207
 26  Ti     0.172008   0.834508   0.157914
 27  Ti     0.177789   0.829774   0.521574
 28  Ti     0.164352   0.819996   0.825655
 29  Ti     0.5079     0.152218   0.157937
 30  Ti     0.501835   0.166921   0.505823
 31  Ti     0.515091   0.17305    0.838236
 32  Ti     0.496745   0.499708   0.162522
 33  Ti     0.490747   0.845475   0.152381
 34  Ti     0.493715   0.83729    0.829573
 35  Ti     0.835052   0.165965   0.491297
 36  Ti     0.838811   0.177161   0.836257
 37  Ti     0.820404   0.504631   0.485256
 38  Ti     0.831272   0.503766   0.838464
 39  Ti     0.837009   0.832987   0.163652
 40  Ti     0.840774   0.822398   0.831243
 41  Al    -0.003581   0.338648   0.018914
 42  Al    -0.00171    0.340408   0.651814
 43  Al     0.010025   0.672268   0.33968
 44  Al     0.331556  -0.002333   0.338364
 45  Al     0.646015   0.683984   0.339489
 46  Al     0.163774   0.169139   0.494948
 47  Al     0.499238   0.484717   0.489346
 48  Al     0.508414   0.489665   0.844252
 49  Al     0.486751   0.851995   0.516764
 50  Al     0.843997   0.143809   0.173219
 51  Al     0.8241     0.523958   0.178203
 52  Cr     0.155781   0.182425   0.833238
 53  Cr     0.827572   0.832068   0.502331",-386.42987060546875,"[[-2.11214665e-02 -1.76995955e-02 -6.06064685e-03]
 [ 9.64882504e-03 -7.69563532e-03  5.96480258e-03]
 [-2.10149726e-03  2.13192031e-03  2.07469705e-03]
 [ 2.09019333e-03  1.22618936e-02  8.51040706e-03]
 [ 1.15774088e-02 -9.84124839e-03  1.78148448e-02]
 [ 1.78482290e-02 -4.24541570e-02 -2.13248059e-02]
 [-3.66209894e-02  1.11184195e-02 -2.14073695e-02]
 [-1.65932458e-02  9.17040184e-03  9.23193619e-03]
 [-1.28750689e-03  1.08382013e-03  3.46102752e-04]
 [ 2.94669494e-02 -2.97836065e-02 -1.63777694e-02]
 [ 7.48654641e-03  8.07654113e-04  8.50649271e-03]
 [-1.87517330e-03 -4.50974703e-03  6.87688589e-06]
 [ 4.48074564e-03  3.06043476e-02 -1.95652619e-03]
 [-4.24040109e-03 -2.11207010e-03 -1.31689012e-03]
 [ 4.48948704e-02 -1.00209750e-02 -1.80721246e-02]
 [-1.06488913e-02  4.50600497e-03  2.31892243e-03]
 [ 1.32252499e-02 -2.07439065e-04  9.00485367e-03]
 [-8.77868757e-03 -2.55328417e-03  4.92498279e-03]
 [-1.44241396e-02 -1.97995603e-02  3.02962493e-04]
 [-1.44740939e-03  2.64576823e-03 -5.29067870e-03]
 [-6.20897859e-04  2.21867859e-02  3.82796489e-03]
 [-8.96039605e-03 -2.45302357e-03  4.78734216e-03]
 [-1.25347078e-02 -5.38666919e-03 -3.19445878e-03]
 [ 2.66026035e-02 -3.15536931e-03  1.92155950e-02]
 [ 3.94009575e-02 -1.56445783e-02 -2.79518701e-02]
 [-3.36209312e-03 -1.07307527e-02  1.07880495e-03]
 [ 3.49118188e-03  4.05029580e-03  6.20510429e-04]
 [-1.82455033e-03  2.64913961e-03  5.81507385e-03]
 [-1.53539460e-02 -1.42634530e-02 -7.36990944e-03]
 [ 7.35819992e-03 -2.10872926e-02 -3.12716700e-02]
 [-7.22538680e-04 -3.29608470e-03  2.21406631e-02]
 [ 6.79834373e-03 -6.68737292e-03  1.13032646e-02]
 [ 4.44696099e-03  8.52569565e-03  1.32458452e-02]
 [-9.41589475e-03  1.73658617e-02 -2.01439112e-02]
 [-9.75964312e-03  1.70994420e-02  8.30323063e-03]
 [ 5.90542704e-03 -5.58014959e-03 -5.81393810e-03]
 [ 1.67424511e-02  2.43581310e-02 -3.45492363e-03]
 [-3.05177253e-02  1.29791480e-02 -2.41166949e-02]
 [-2.15444341e-03  1.53280422e-03  9.20138136e-03]
 [ 3.82625684e-03 -7.09611177e-03  2.73335837e-02]
 [ 3.10045220e-02 -3.62565108e-02 -2.36288682e-02]
 [-7.16545060e-03  2.06298064e-02  3.01781595e-02]
 [-7.48764724e-03  2.20937058e-02 -3.22127678e-02]
 [ 9.19339061e-03 -9.59494896e-03  3.53244320e-03]
 [ 2.41214409e-03  7.24288821e-03  5.48536330e-03]
 [-1.91633180e-02  2.24814340e-02 -1.72987580e-03]
 [-1.55759789e-03  8.03027302e-03 -6.27089757e-05]
 [-4.94400598e-03  3.37371603e-03 -8.46874341e-03]
 [ 3.65068018e-03  4.86424565e-03  7.50812888e-03]
 [-4.78852913e-03  1.01470351e-02  2.02827230e-02]
 [ 3.74502316e-03 -7.71343708e-04  8.91672447e-03]
 [-1.57217681e-02 -2.88846623e-03  1.31290033e-03]
 [-2.76349634e-02  1.74629316e-02  1.73239876e-03]
 [-2.46769190e-03 -9.83410329e-03  6.39714859e-03]]","[-2.38936613e-04 -3.23686190e-03 -2.51738727e-03 -1.16889959e-03
 -8.95143239e-05  1.31591875e-03]",9.61280808222173,9.635071642530235,9.630411717548597,89.92816915228532,89.81060995082389,90.07863791946637,891.9632248359146,"[[[[ 6.81511378e-01  4.19693068e-03  4.13376649e-03]
   [ 4.19693068e-03  5.83987840e-01 -2.83870613e-03]
   [ 4.13376649e-03 -2.83870613e-03  5.90273297e-01]]

  [[ 6.51358860e-03  4.57933446e-01 -8.66906164e-03]
   [ 4.57933446e-01 -2.01644531e-04  1.39865886e-02]
   [-8.66906164e-03  1.39865886e-02  2.12235066e-03]]

  [[ 4.82269427e-03 -8.19405851e-03  4.68708587e-01]
   [-8.19405851e-03  6.93940014e-03  1.06597203e-03]
   [ 4.68708587e-01  1.06597203e-03  2.57234555e-03]]]


 [[[ 6.51358860e-03  4.57933446e-01 -8.66906164e-03]
   [ 4.57933446e-01 -2.01644531e-04  1.39865886e-02]
   [-8.66906164e-03  1.39865886e-02  2.12235066e-03]]

  [[ 5.81075512e-01  5.24171628e-05  7.67966980e-03]
   [ 5.24171628e-05  7.04814190e-01  8.05919291e-03]
   [ 7.67966980e-03  8.05919291e-03  5.86240741e-01]]

  [[-4.20835024e-03  1.40879657e-02  1.08670036e-03]
   [ 1.40879657e-02  3.86143258e-03  4.63612080e-01]
   [ 1.08670036e-03  4.63612080e-01  1.30362653e-03]]]


 [[[ 4.82269427e-03 -8.19405851e-03  4.68708587e-01]
   [-8.19405851e-03  6.93940014e-03  1.06597203e-03]
   [ 4.68708587e-01  1.06597203e-03  2.57234555e-03]]

  [[-4.20835024e-03  1.40879657e-02  1.08670036e-03]
   [ 1.40879657e-02  3.86143258e-03  4.63612080e-01]
   [ 1.08670036e-03  4.63612080e-01  1.30362653e-03]]

  [[ 5.88111165e-01  1.84567645e-03  2.85303191e-03]
   [ 1.84567645e-03  5.87010453e-01  2.22483184e-03]
   [ 2.85303191e-03  2.22483184e-03  6.98267642e-01]]]]",0.20725122654895067,0.6221822080379781,559616855.328636,0.0006805680855950714,"Full Formula (Ti41 Al11 Cr2)
Reduced Formula: Ti41Al11Cr2
abc   :   9.612808   9.635072   9.630412
angles:  89.928169  89.810610  90.078638
pbc   :       True       True       True
Sites (54)
  #  SP            a          b          c
---  ----  ---------  ---------  ---------
  0  Ti     0.012062   0.004288  -0.018042
  1  Ti    -0.000321  -0.024913   0.35221
  2  Ti    -0.001693   0.004147   0.669646
  3  Ti    -0.004244   0.342792   0.326811
  4  Ti     0.004493   0.664572   0.005381
  5  Ti    -0.010719   0.663094   0.649537
  6  Ti     0.321108   0.012853  -0.012015
  7  Ti     0.319117   0.021063   0.688136
  8  Ti     0.317529   0.318693  -0.003938
  9  Ti     0.3387     0.319327   0.319178
 10  Ti     0.326578   0.327996   0.679063
 11  Ti     0.333138   0.666448  -0.006619
 12  Ti     0.339448   0.678388   0.335269
 13  Ti     0.343537   0.652013   0.672786
 14  Ti     0.675333  -0.006561  -0.011701
 15  Ti     0.668298  -0.014009   0.343524
 16  Ti     0.683975  -0.004243   0.66571
 17  Ti     0.681886   0.329833   0.016755
 18  Ti     0.666592   0.323707   0.322809
 19  Ti     0.675265   0.334667   0.662515
 20  Ti     0.659871   0.67767   -0.001189
 21  Ti     0.663666   0.672022   0.655665
 22  Ti     0.155049   0.15418    0.174404
 23  Ti     0.176766   0.507093   0.170709
 24  Ti     0.181166   0.496512   0.491841
 25  Ti     0.15797    0.50177    0.833207
 26  Ti     0.172008   0.834508   0.157914
 27  Ti     0.177789   0.829774   0.521574
 28  Ti     0.164352   0.819996   0.825655
 29  Ti     0.5079     0.152218   0.157937
 30  Ti     0.501835   0.166921   0.505823
 31  Ti     0.515091   0.17305    0.838236
 32  Ti     0.496745   0.499708   0.162522
 33  Ti     0.490747   0.845475   0.152381
 34  Ti     0.493715   0.83729    0.829573
 35  Ti     0.835052   0.165965   0.491297
 36  Ti     0.838811   0.177161   0.836257
 37  Ti     0.820404   0.504631   0.485256
 38  Ti     0.831272   0.503766   0.838464
 39  Ti     0.837009   0.832987   0.163652
 40  Ti     0.840774   0.822398   0.831243
 41  Al    -0.003581   0.338648   0.018914
 42  Al    -0.00171    0.340408   0.651814
 43  Al     0.010025   0.672268   0.33968
 44  Al     0.331556  -0.002333   0.338364
 45  Al     0.646015   0.683984   0.339489
 46  Al     0.163774   0.169139   0.494948
 47  Al     0.499238   0.484717   0.489346
 48  Al     0.508414   0.489665   0.844252
 49  Al     0.486751   0.851995   0.516764
 50  Al     0.843997   0.143809   0.173219
 51  Al     0.8241     0.523958   0.178203
 52  Cr     0.155781   0.182425   0.833238
 53  Cr     0.827572   0.832068   0.502331"
4,"Full Formula (Ti41 Al11 Cr2)
Reduced Formula: Ti41Al11Cr2
abc   :   9.649763   9.617467   9.617243
angles:  89.874972  90.142904  90.022129
pbc   :       True       True       True
Sites (54)
  #  SP            a          b          c
---  ----  ---------  ---------  ---------
  0  Ti    -0.010024  -0.000682   0.000334
  1  Ti    -0.012169   0.009234   0.325835
  2  Ti    -0.008776   0.001941   0.67446
  3  Ti     0.012104   0.34047   -0.005231
  4  Ti     0.010263   0.329789   0.672234
  5  Ti     0.007666   0.660089   0.005558
  6  Ti     0.002283   0.659251   0.333157
  7  Ti     0.330146  -0.009096   0.011586
  8  Ti     0.333955  -0.000169   0.324482
  9  Ti     0.330056   0.334647  -0.008701
 10  Ti     0.33253    0.32325    0.335158
 11  Ti     0.330694   0.33083    0.670109
 12  Ti     0.333404   0.679788   0.333449
 13  Ti     0.679089  -0.00155   -0.004463
 14  Ti     0.675419   0.006556   0.331681
